immune_id,tumor_id,score
2,0.0,2.0
6,0.0,2.0
7,9.0,0.8571428571428571
8,22.0,0.5714285714285714
9,10.0,0.5714285714285714
10,8.0,0.7619047619047619
11,0.0,2.0
12,5.0,0.3095238095238094
13,34.0,0.738095238095238
14,21.0,0.8809523809523809
15,30.0,1.4523809523809523
16,29.0,1.3095238095238095
17,0.0,2.0
18,0.0,2.0
19,0.0,2.0
20,24.0,0.6428571428571428
21,0.0,2.0
22,31.0,1.3095238095238095
23,0.0,2.0
24,17.0,0.4999999999999999
25,0.0,2.0
26,59.0,0.40476190476190466
27,38.0,1.0
28,25.0,0.38095238095238093
29,0.0,2.0
30,35.0,0.619047619047619
31,0.0,2.0
33,0.0,2.0
34,33.0,1.2619047619047619
35,0.0,2.0
36,41.0,0.2857142857142856
37,53.0,0.5714285714285714
38,0.0,2.0
39,0.0,2.0
40,67.0,1.119047619047619
43,0.0,2.0
44,0.0,2.0
46,0.0,2.0
47,0.0,2.0
48,0.0,2.0
49,0.0,2.0
50,0.0,2.0
51,0.0,2.0
52,50.0,0.3571428571428571
53,0.0,2.0
54,68.0,1.1428571428571428
55,60.0,1.4761904761904763
57,84.0,0.47619047619047605
58,0.0,2.0
59,0.0,2.0
60,82.0,1.0238095238095237
61,70.0,1.1428571428571428
62,0.0,2.0
63,73.0,1.1904761904761905
64,0.0,2.0
65,71.0,0.8095238095238095
66,0.0,2.0
67,63.0,1.119047619047619
68,47.0,0.2857142857142856
69,0.0,2.0
70,0.0,2.0
71,57.0,0.7142857142857142
72,135.0,1.1904761904761905
74,0.0,2.0
75,123.0,0.8571428571428571
76,0.0,2.0
77,105.0,1.119047619047619
78,136.0,0.16666666666666652
79,0.0,2.0
80,74.0,0.023809523809523725
82,0.0,2.0
83,0.0,2.0
84,0.0,2.0
85,0.0,2.0
86,138.0,0.4999999999999999
87,157.0,0.6666666666666665
88,0.0,2.0
89,0.0,2.0
90,142.0,0.26190476190476186
91,0.0,2.0
92,0.0,2.0
93,121.0,0.6428571428571428
94,127.0,0.5952380952380951
95,0.0,2.0
96,0.0,2.0
97,78.0,0.1428571428571428
98,152.0,0.9523809523809523
99,0.0,2.0
100,112.0,0.8809523809523809
101,0.0,2.0
102,120.0,0.738095238095238
103,85.0,0.5238095238095237
104,0.0,2.0
105,113.0,0.4999999999999999
106,0.0,2.0
107,91.0,1.3571428571428572
108,147.0,0.7857142857142857
109,0.0,2.0
110,0.0,2.0
111,103.0,0.7142857142857142
112,0.0,2.0
113,102.0,0.26190476190476186
114,0.0,2.0
115,0.0,2.0
116,114.0,1.1904761904761905
117,0.0,2.0
118,140.0,0.5952380952380951
119,141.0,0.5714285714285714
120,0.0,2.0
121,0.0,2.0
122,0.0,2.0
123,151.0,0.23809523809523792
124,0.0,2.0
125,0.0,2.0
126,0.0,2.0
127,0.0,2.0
128,0.0,2.0
129,153.0,0.8809523809523809
130,0.0,2.0
132,0.0,2.0
133,186.0,1.2142857142857144
134,0.0,2.0
135,131.0,0.2142857142857142
136,161.0,0.26190476190476186
137,162.0,0.2142857142857142
138,146.0,1.3571428571428572
139,0.0,2.0
140,0.0,2.0
142,0.0,2.0
143,0.0,2.0
144,180.0,0.619047619047619
145,155.0,0.5714285714285714
146,189.0,1.1666666666666667
147,148.0,0.5952380952380951
148,173.0,0.6666666666666665
149,0.0,2.0
150,0.0,2.0
151,0.0,2.0
152,166.0,0.11904761904761896
153,0.0,2.0
154,117.0,0.9523809523809523
155,0.0,2.0
156,0.0,2.0
157,178.0,1.119047619047619
158,0.0,2.0
159,0.0,2.0
160,179.0,0.4285714285714285
162,145.0,0.07142857142857129
164,182.0,0.7619047619047619
165,191.0,0.16666666666666652
166,0.0,2.0
167,0.0,2.0
168,0.0,2.0
169,0.0,2.0
170,0.0,2.0
171,170.0,0.45238095238095233
172,0.0,2.0
173,0.0,2.0
174,219.0,0.19047619047619035
175,0.0,2.0
176,0.0,2.0
177,184.0,0.47619047619047605
178,0.0,2.0
180,0.0,2.0
181,0.0,2.0
182,0.0,2.0
184,0.0,2.0
185,172.0,0.3571428571428571
186,0.0,2.0
187,163.0,0.40476190476190466
188,0.0,2.0
189,211.0,0.45238095238095233
190,0.0,2.0
191,181.0,0.5476190476190477
192,0.0,2.0
193,0.0,2.0
194,0.0,2.0
196,221.0,0.47619047619047605
197,0.0,2.0
198,261.0,0.38095238095238093
199,257.0,0.4999999999999999
200,203.0,0.23809523809523792
201,226.0,0.4285714285714285
202,204.0,0.5952380952380951
203,0.0,2.0
204,0.0,2.0
205,201.0,0.8333333333333333
207,0.0,2.0
208,232.0,0.9047619047619048
209,236.0,0.4999999999999999
210,0.0,2.0
211,0.0,2.0
213,247.0,0.16666666666666652
214,274.0,0.9523809523809523
215,0.0,2.0
216,0.0,2.0
217,0.0,2.0
219,0.0,2.0
220,237.0,0.7142857142857142
221,199.0,0.04761904761904756
223,256.0,0.6904761904761905
224,270.0,0.5952380952380951
225,192.0,0.11904761904761896
226,209.0,0.023809523809523725
227,0.0,2.0
228,0.0,2.0
229,260.0,0.8809523809523809
230,0.0,2.0
233,267.0,0.11904761904761896
234,0.0,2.0
236,242.0,0.7142857142857142
237,0.0,2.0
238,239.0,0.26190476190476186
239,217.0,0.40476190476190466
240,0.0,2.0
241,0.0,2.0
242,0.0,2.0
243,229.0,0.5714285714285714
244,235.0,0.8095238095238095
245,0.0,2.0
246,234.0,0.04761904761904756
247,0.0,2.0
249,241.0,1.1428571428571428
250,0.0,2.0
251,0.0,2.0
252,259.0,0.5714285714285714
253,0.0,2.0
254,0.0,2.0
255,0.0,2.0
256,290.0,0.16666666666666652
257,0.0,2.0
258,0.0,2.0
259,253.0,0.16666666666666652
260,281.0,0.9523809523809523
261,238.0,1.0476190476190477
262,0.0,2.0
263,0.0,2.0
264,0.0,2.0
265,0.0,2.0
266,0.0,2.0
267,0.0,2.0
268,0.0,2.0
269,315.0,1.8571428571428572
270,0.0,2.0
271,0.0,2.0
272,263.0,0.33333333333333315
273,251.0,0.9047619047619048
274,0.0,2.0
275,0.0,2.0
276,0.0,2.0
277,300.0,0.19047619047619035
278,0.0,2.0
279,0.0,2.0
280,0.0,2.0
281,282.0,0.5238095238095237
282,326.0,0.7857142857142857
283,0.0,2.0
284,0.0,2.0
285,272.0,0.26190476190476186
286,314.0,0.6666666666666665
287,0.0,2.0
288,322.0,0.6428571428571428
289,245.0,0.5714285714285714
290,266.0,0.4285714285714285
291,0.0,2.0
292,291.0,0.19047619047619035
293,286.0,0.07142857142857129
294,264.0,0.2857142857142856
295,0.0,2.0
296,351.0,0.3095238095238094
297,299.0,0.5476190476190477
298,311.0,0.23809523809523792
299,0.0,2.0
301,307.0,0.40476190476190466
302,0.0,2.0
303,0.0,2.0
304,0.0,2.0
305,0.0,2.0
306,0.0,2.0
307,0.0,2.0
308,339.0,0.3571428571428571
309,0.0,2.0
310,0.0,2.0
311,0.0,2.0
312,0.0,2.0
313,0.0,2.0
314,308.0,0.023809523809523725
315,318.0,0.3571428571428571
316,287.0,0.19047619047619035
317,0.0,2.0
318,0.0,2.0
319,0.0,2.0
320,0.0,2.0
321,321.0,0.40476190476190466
322,330.0,0.6666666666666665
323,0.0,2.0
324,0.0,2.0
325,319.0,0.9523809523809523
326,0.0,2.0
327,0.0,2.0
328,305.0,0.23809523809523792
329,0.0,2.0
330,302.0,0.09523809523809523
331,0.0,2.0
332,349.0,0.4999999999999999
333,384.0,0.1428571428571428
335,373.0,0.23809523809523792
336,304.0,1.2380952380952381
337,332.0,0.2142857142857142
338,320.0,0.19047619047619035
339,0.0,2.0
340,368.0,0.7142857142857142
341,0.0,2.0
342,0.0,2.0
343,337.0,0.38095238095238093
344,0.0,2.0
345,352.0,0.38095238095238093
346,324.0,0.4285714285714285
347,334.0,0.40476190476190466
348,345.0,0.16666666666666652
349,0.0,2.0
350,389.0,0.33333333333333315
351,372.0,0.45238095238095233
352,360.0,0.5476190476190477
353,327.0,0.6428571428571428
354,0.0,2.0
355,0.0,2.0
356,344.0,0.45238095238095233
357,0.0,2.0
359,402.0,0.40476190476190466
360,323.0,0.23809523809523792
361,0.0,2.0
362,328.0,0.33333333333333315
363,0.0,2.0
364,0.0,2.0
365,0.0,2.0
366,0.0,2.0
367,0.0,2.0
368,0.0,2.0
369,362.0,0.3095238095238094
370,331.0,0.5238095238095237
371,0.0,2.0
372,0.0,2.0
373,365.0,0.6428571428571428
374,0.0,2.0
375,355.0,0.38095238095238093
376,0.0,2.0
377,350.0,0.3095238095238094
378,0.0,2.0
379,0.0,2.0
380,0.0,2.0
381,0.0,2.0
382,367.0,0.2857142857142856
383,455.0,1.0238095238095237
384,364.0,0.9761904761904762
385,375.0,0.2142857142857142
386,0.0,2.0
387,444.0,0.47619047619047605
388,387.0,0.3571428571428571
389,424.0,0.1428571428571428
390,0.0,2.0
391,0.0,2.0
392,392.0,0.3095238095238094
393,346.0,0.619047619047619
394,453.0,0.40476190476190466
395,0.0,2.0
396,0.0,2.0
397,379.0,0.45238095238095233
398,429.0,0.5476190476190477
399,0.0,2.0
400,443.0,1.0952380952380953
401,0.0,2.0
402,0.0,2.0
403,0.0,2.0
404,0.0,2.0
405,0.0,2.0
406,450.0,0.23809523809523792
407,417.0,0.1428571428571428
408,415.0,0.47619047619047605
409,0.0,2.0
410,0.0,2.0
411,385.0,0.5952380952380951
412,0.0,2.0
413,0.0,2.0
414,418.0,0.9523809523809523
415,0.0,2.0
416,0.0,2.0
417,0.0,2.0
418,0.0,2.0
419,371.0,0.2142857142857142
420,482.0,0.7142857142857142
421,0.0,2.0
422,0.0,2.0
423,388.0,0.2857142857142856
424,0.0,2.0
425,0.0,2.0
426,437.0,0.619047619047619
427,0.0,2.0
428,425.0,0.19047619047619035
429,413.0,0.19047619047619035
432,451.0,0.16666666666666652
433,0.0,2.0
434,0.0,2.0
435,430.0,0.1428571428571428
436,0.0,2.0
437,0.0,2.0
438,445.0,0.2857142857142856
439,431.0,1.0714285714285714
440,449.0,0.16666666666666652
441,0.0,2.0
442,504.0,0.5476190476190477
443,432.0,0.3095238095238094
444,420.0,0.9047619047619048
445,0.0,2.0
446,401.0,1.0476190476190477
447,0.0,2.0
448,0.0,2.0
449,0.0,2.0
450,400.0,0.09523809523809523
451,472.0,1.2142857142857144
452,0.0,2.0
454,404.0,0.47619047619047605
455,0.0,2.0
456,0.0,2.0
457,0.0,2.0
459,0.0,2.0
460,514.0,0.45238095238095233
461,515.0,0.4285714285714285
462,465.0,0.26190476190476186
463,460.0,0.4285714285714285
464,0.0,2.0
465,486.0,0.33333333333333315
466,0.0,2.0
467,0.0,2.0
468,0.0,2.0
469,464.0,0.6428571428571428
470,0.0,2.0
471,473.0,0.7142857142857142
472,0.0,2.0
473,0.0,2.0
474,479.0,0.45238095238095233
475,0.0,2.0
476,436.0,0.2857142857142856
477,493.0,0.38095238095238093
478,474.0,0.4285714285714285
479,434.0,0.16666666666666652
480,485.0,1.5476190476190477
481,0.0,2.0
482,441.0,0.7142857142857142
483,0.0,2.0
484,506.0,0.47619047619047605
485,533.0,0.8095238095238095
486,0.0,2.0
487,0.0,2.0
488,484.0,0.023809523809523725
489,0.0,2.0
490,0.0,2.0
491,467.0,0.11904761904761896
492,440.0,0.2857142857142856
493,0.0,2.0
494,0.0,2.0
495,0.0,2.0
496,0.0,2.0
497,0.0,2.0
498,0.0,2.0
499,476.0,0.3095238095238094
500,488.0,0.04761904761904756
501,513.0,1.0714285714285714
502,494.0,0.5714285714285714
503,489.0,0.3571428571428571
504,0.0,2.0
505,0.0,2.0
506,0.0,2.0
507,462.0,0.07142857142857129
508,0.0,2.0
509,0.0,2.0
510,0.0,2.0
511,510.0,0.19047619047619035
512,526.0,1.0
513,508.0,0.6904761904761905
514,0.0,2.0
515,0.0,2.0
516,0.0,2.0
517,521.0,0.04761904761904756
518,0.0,2.0
519,528.0,0.47619047619047605
520,0.0,2.0
521,505.0,0.2857142857142856
522,0.0,2.0
523,552.0,0.26190476190476186
524,0.0,2.0
525,0.0,2.0
526,0.0,2.0
527,0.0,2.0
528,553.0,1.523809523809524
529,0.0,2.0
530,0.0,2.0
531,525.0,0.45238095238095233
532,0.0,2.0
533,0.0,2.0
534,500.0,0.5476190476190477
536,0.0,2.0
537,541.0,0.5476190476190477
538,575.0,0.8095238095238095
539,0.0,2.0
540,599.0,1.0476190476190477
541,517.0,0.4999999999999999
542,569.0,0.26190476190476186
543,0.0,2.0
544,0.0,2.0
545,0.0,2.0
546,0.0,2.0
547,539.0,0.23809523809523792
548,0.0,2.0
549,0.0,2.0
550,536.0,0.619047619047619
551,0.0,2.0
552,0.0,2.0
553,549.0,0.7857142857142857
554,577.0,0.47619047619047605
555,0.0,2.0
556,0.0,2.0
557,519.0,0.07142857142857129
558,0.0,2.0
559,559.0,0.2142857142857142
560,0.0,2.0
561,0.0,2.0
562,579.0,0.07142857142857129
563,0.0,2.0
564,527.0,0.33333333333333315
565,0.0,2.0
566,503.0,0.3571428571428571
567,0.0,2.0
568,0.0,2.0
569,0.0,2.0
570,523.0,0.5238095238095237
571,0.0,2.0
572,0.0,2.0
573,0.0,2.0
574,0.0,2.0
575,0.0,2.0
576,0.0,2.0
577,0.0,2.0
578,534.0,0.619047619047619
579,0.0,2.0
580,0.0,2.0
581,524.0,0.1428571428571428
582,0.0,2.0
583,576.0,0.3571428571428571
584,546.0,0.7857142857142857
585,0.0,2.0
586,0.0,2.0
587,0.0,2.0
588,598.0,0.4285714285714285
589,557.0,0.4285714285714285
590,0.0,2.0
591,0.0,2.0
592,0.0,2.0
593,570.0,0.2142857142857142
594,543.0,0.7619047619047619
595,0.0,2.0
596,592.0,0.11904761904761896
597,0.0,2.0
598,496.0,0.19047619047619035
599,0.0,2.0
600,0.0,2.0
601,590.0,0.19047619047619035
602,0.0,2.0
603,0.0,2.0
604,0.0,2.0
605,578.0,0.4285714285714285
606,656.0,0.5952380952380951
607,609.0,0.3095238095238094
608,0.0,2.0
609,658.0,1.0476190476190477
610,616.0,0.19047619047619035
611,0.0,2.0
612,0.0,2.0
613,586.0,0.40476190476190466
614,561.0,0.5952380952380951
615,545.0,0.19047619047619035
616,623.0,0.4999999999999999
617,626.0,0.23809523809523792
618,0.0,2.0
619,600.0,0.5238095238095237
620,0.0,2.0
621,0.0,2.0
622,596.0,0.09523809523809523
623,0.0,2.0
624,580.0,0.26190476190476186
625,606.0,0.09523809523809523
626,0.0,2.0
627,0.0,2.0
628,0.0,2.0
629,0.0,2.0
630,0.0,2.0
631,0.0,2.0
632,0.0,2.0
633,574.0,0.4285714285714285
634,634.0,0.5238095238095237
635,0.0,2.0
636,0.0,2.0
637,636.0,0.619047619047619
638,667.0,0.2857142857142856
639,0.0,2.0
641,0.0,2.0
642,684.0,0.2857142857142856
643,0.0,2.0
644,591.0,0.38095238095238093
645,668.0,1.0238095238095237
646,0.0,2.0
647,0.0,2.0
648,615.0,0.4999999999999999
649,0.0,2.0
650,602.0,0.4999999999999999
651,588.0,0.26190476190476186
652,0.0,2.0
653,611.0,0.23809523809523792
654,646.0,0.7142857142857142
655,614.0,1.380952380952381
656,0.0,2.0
657,603.0,0.8809523809523809
658,0.0,2.0
659,681.0,0.2857142857142856
660,702.0,0.7857142857142857
661,755.0,0.5476190476190477
662,666.0,0.38095238095238093
663,0.0,2.0
664,664.0,0.19047619047619035
665,0.0,2.0
666,704.0,0.8095238095238095
667,0.0,2.0
668,0.0,2.0
669,0.0,2.0
670,0.0,2.0
671,653.0,0.2857142857142856
672,659.0,0.619047619047619
673,682.0,0.8333333333333333
674,0.0,2.0
675,0.0,2.0
676,645.0,0.8095238095238095
677,713.0,0.8095238095238095
678,0.0,2.0
679,0.0,2.0
680,642.0,0.11904761904761896
681,690.0,0.23809523809523792
682,731.0,0.4285714285714285
683,0.0,2.0
684,640.0,0.19047619047619035
685,652.0,0.26190476190476186
686,701.0,0.5476190476190477
687,0.0,2.0
688,0.0,2.0
689,0.0,2.0
690,0.0,2.0
691,604.0,0.4285714285714285
692,0.0,2.0
693,743.0,0.33333333333333315
694,0.0,2.0
695,0.0,2.0
696,767.0,0.40476190476190466
697,745.0,0.3095238095238094
698,654.0,0.3095238095238094
699,0.0,2.0
700,0.0,2.0
701,0.0,2.0
702,644.0,0.38095238095238093
703,708.0,0.3571428571428571
704,0.0,2.0
705,0.0,2.0
706,0.0,2.0
707,672.0,0.33333333333333315
708,695.0,0.47619047619047605
709,770.0,0.3571428571428571
710,0.0,2.0
711,0.0,2.0
712,0.0,2.0
713,0.0,2.0
714,727.0,0.7619047619047619
715,675.0,0.7142857142857142
716,0.0,2.0
718,0.0,2.0
719,0.0,2.0
720,0.0,2.0
721,657.0,0.5714285714285714
722,0.0,2.0
723,0.0,2.0
724,688.0,1.0238095238095237
725,0.0,2.0
726,706.0,0.47619047619047605
727,0.0,2.0
728,0.0,2.0
729,730.0,0.5714285714285714
730,0.0,2.0
731,0.0,2.0
732,715.0,0.5238095238095237
733,0.0,2.0
734,0.0,2.0
735,738.0,0.47619047619047605
736,696.0,0.3095238095238094
737,0.0,2.0
738,728.0,0.19047619047619035
739,698.0,0.5238095238095237
740,721.0,0.6428571428571428
741,0.0,2.0
742,676.0,0.6904761904761905
743,677.0,0.23809523809523792
744,0.0,2.0
745,720.0,0.3095238095238094
746,723.0,0.3571428571428571
747,734.0,0.19047619047619035
748,0.0,2.0
749,648.0,0.2857142857142856
750,700.0,0.3571428571428571
751,0.0,2.0
752,0.0,2.0
753,0.0,2.0
754,864.0,0.2142857142857142
755,793.0,0.33333333333333315
756,757.0,0.45238095238095233
757,792.0,0.40476190476190466
758,803.0,0.5952380952380951
759,0.0,2.0
760,0.0,2.0
761,0.0,2.0
762,0.0,2.0
763,0.0,2.0
764,673.0,0.2857142857142856
765,813.0,0.19047619047619035
766,0.0,2.0
767,853.0,0.5714285714285714
768,736.0,0.19047619047619035
769,0.0,2.0
770,748.0,0.38095238095238093
771,739.0,0.47619047619047605
772,0.0,2.0
773,0.0,2.0
774,0.0,2.0
775,0.0,2.0
776,732.0,0.5714285714285714
777,768.0,0.4285714285714285
778,0.0,2.0
779,729.0,0.4285714285714285
780,0.0,2.0
781,783.0,0.4999999999999999
782,754.0,0.6428571428571428
783,0.0,2.0
784,0.0,2.0
785,0.0,2.0
786,0.0,2.0
787,0.0,2.0
788,0.0,2.0
789,0.0,2.0
790,0.0,2.0
791,0.0,2.0
792,0.0,2.0
793,746.0,0.2857142857142856
794,0.0,2.0
795,765.0,0.619047619047619
796,0.0,2.0
797,0.0,2.0
798,887.0,0.2142857142857142
799,816.0,0.23809523809523792
800,747.0,0.38095238095238093
801,0.0,2.0
802,725.0,0.19047619047619035
803,800.0,0.23809523809523792
804,832.0,0.40476190476190466
805,0.0,2.0
806,861.0,0.5238095238095237
807,814.0,0.3095238095238094
808,0.0,2.0
809,0.0,2.0
810,0.0,2.0
811,0.0,2.0
812,0.0,2.0
813,0.0,2.0
814,794.0,0.619047619047619
815,0.0,2.0
816,857.0,0.1428571428571428
817,758.0,0.5476190476190477
818,762.0,0.3571428571428571
819,0.0,2.0
820,0.0,2.0
821,774.0,0.19047619047619035
822,0.0,2.0
823,0.0,2.0
824,0.0,2.0
825,0.0,2.0
826,771.0,0.3095238095238094
827,0.0,2.0
828,0.0,2.0
829,0.0,2.0
830,712.0,0.26190476190476186
831,0.0,2.0
832,0.0,2.0
833,0.0,2.0
834,0.0,2.0
835,848.0,0.09523809523809523
836,726.0,0.4285714285714285
837,0.0,2.0
838,0.0,2.0
839,808.0,0.09523809523809523
840,0.0,2.0
841,0.0,2.0
842,0.0,2.0
843,0.0,2.0
844,0.0,2.0
845,817.0,0.47619047619047605
846,0.0,2.0
847,0.0,2.0
848,0.0,2.0
849,0.0,2.0
850,0.0,2.0
851,0.0,2.0
852,903.0,0.5952380952380951
853,0.0,2.0
854,807.0,0.619047619047619
855,797.0,0.6666666666666665
856,0.0,2.0
857,854.0,0.23809523809523792
858,874.0,0.8333333333333333
859,0.0,2.0
860,0.0,2.0
861,0.0,2.0
862,822.0,0.5714285714285714
863,0.0,2.0
864,0.0,2.0
866,0.0,2.0
867,914.0,0.45238095238095233
868,846.0,0.5238095238095237
869,0.0,2.0
870,0.0,2.0
871,811.0,0.4285714285714285
872,0.0,2.0
873,0.0,2.0
874,0.0,2.0
875,0.0,2.0
876,0.0,2.0
877,843.0,0.47619047619047605
878,0.0,2.0
879,0.0,2.0
880,916.0,0.1428571428571428
881,0.0,2.0
882,867.0,0.23809523809523792
883,859.0,0.4285714285714285
884,796.0,0.2857142857142856
885,0.0,2.0
886,892.0,0.3571428571428571
887,0.0,2.0
888,818.0,0.3095238095238094
889,884.0,0.3095238095238094
890,938.0,0.1428571428571428
891,0.0,2.0
892,815.0,0.23809523809523792
893,837.0,0.4285714285714285
894,0.0,2.0
895,0.0,2.0
896,0.0,2.0
897,809.0,0.45238095238095233
898,0.0,2.0
899,0.0,2.0
900,0.0,2.0
901,0.0,2.0
902,0.0,2.0
903,866.0,0.23809523809523792
904,0.0,2.0
905,948.0,0.38095238095238093
906,888.0,0.3571428571428571
907,0.0,2.0
908,0.0,2.0
909,902.0,0.2142857142857142
911,0.0,2.0
912,787.0,0.2857142857142856
913,0.0,2.0
914,0.0,2.0
915,0.0,2.0
916,855.0,0.7857142857142857
917,0.0,2.0
918,0.0,2.0
919,839.0,0.09523809523809523
920,0.0,2.0
921,953.0,0.6428571428571428
922,0.0,2.0
923,0.0,2.0
924,901.0,0.6428571428571428
925,925.0,0.4999999999999999
926,883.0,0.6666666666666665
927,0.0,2.0
928,0.0,2.0
929,851.0,0.9047619047619048
930,838.0,0.6428571428571428
931,973.0,0.6428571428571428
932,940.0,0.5714285714285714
933,909.0,0.26190476190476186
934,0.0,2.0
935,910.0,0.4285714285714285
936,0.0,2.0
937,0.0,2.0
938,0.0,2.0
939,906.0,0.40476190476190466
941,890.0,0.07142857142857129
942,952.0,0.4285714285714285
943,0.0,2.0
944,0.0,2.0
945,0.0,2.0
946,0.0,2.0
947,989.0,0.5952380952380951
948,0.0,2.0
949,928.0,0.6904761904761905
950,0.0,2.0
951,0.0,2.0
952,840.0,0.3095238095238094
953,0.0,2.0
954,0.0,2.0
955,1015.0,0.40476190476190466
956,944.0,1.0238095238095237
957,0.0,2.0
958,0.0,2.0
959,904.0,0.2857142857142856
960,0.0,2.0
961,898.0,0.6428571428571428
962,958.0,0.5952380952380951
963,0.0,2.0
964,0.0,2.0
965,957.0,0.3571428571428571
966,939.0,0.023809523809523725
967,879.0,0.9285714285714286
968,0.0,2.0
969,933.0,1.0
970,924.0,0.2857142857142856
971,984.0,0.6666666666666665
972,0.0,2.0
973,0.0,2.0
974,0.0,2.0
976,894.0,0.4999999999999999
977,0.0,2.0
978,0.0,2.0
979,0.0,2.0
980,955.0,0.8571428571428571
981,0.0,2.0
982,0.0,2.0
983,905.0,0.19047619047619035
984,0.0,2.0
985,0.0,2.0
986,871.0,0.1428571428571428
987,860.0,0.5238095238095237
988,0.0,2.0
989,0.0,2.0
991,0.0,2.0
992,0.0,2.0
993,0.0,2.0
994,954.0,0.8809523809523809
996,0.0,2.0
997,0.0,2.0
998,919.0,0.16666666666666652
999,0.0,2.0
1000,0.0,2.0
1001,941.0,0.47619047619047605
1002,926.0,0.5238095238095237
1003,969.0,0.8095238095238095
1004,961.0,0.26190476190476186
1005,0.0,2.0
1006,0.0,2.0
1007,0.0,2.0
1008,0.0,2.0
1009,937.0,0.47619047619047605
1010,1051.0,0.38095238095238093
1011,0.0,2.0
1012,0.0,2.0
1013,981.0,0.6666666666666665
1014,900.0,0.8571428571428571
1015,965.0,0.3095238095238094
1016,895.0,0.2142857142857142
1017,1068.0,0.6428571428571428
1018,0.0,2.0
1019,964.0,0.2857142857142856
1020,0.0,2.0
1021,1065.0,0.19047619047619035
1022,0.0,2.0
1023,0.0,2.0
1024,1030.0,0.2857142857142856
1025,0.0,2.0
1026,974.0,0.619047619047619
1028,993.0,0.40476190476190466
1029,0.0,2.0
1030,0.0,2.0
1031,1012.0,0.38095238095238093
1032,980.0,0.5714285714285714
1033,0.0,2.0
1034,0.0,2.0
1035,0.0,2.0
1036,999.0,0.40476190476190466
1037,0.0,2.0
1038,976.0,0.45238095238095233
1039,0.0,2.0
1040,0.0,2.0
1042,1001.0,0.3095238095238094
1043,0.0,2.0
1044,0.0,2.0
1045,0.0,2.0
1046,0.0,2.0
1047,1003.0,0.5476190476190477
1048,0.0,2.0
1049,1056.0,0.6666666666666665
1050,1005.0,0.5714285714285714
1051,0.0,2.0
1052,0.0,2.0
1053,951.0,0.38095238095238093
1054,998.0,0.5238095238095237
1055,0.0,2.0
1056,0.0,2.0
1057,1079.0,0.4285714285714285
1058,1009.0,0.5476190476190477
1059,0.0,2.0
1060,1002.0,0.5714285714285714
1061,963.0,0.4999999999999999
1062,0.0,2.0
1063,0.0,2.0
1064,977.0,0.2142857142857142
1065,0.0,2.0
1066,979.0,0.738095238095238
1067,0.0,2.0
1068,0.0,2.0
1069,0.0,2.0
1070,1049.0,0.4999999999999999
1071,1089.0,1.0952380952380953
1072,0.0,2.0
1073,0.0,2.0
1075,1088.0,0.47619047619047605
1076,1022.0,1.119047619047619
1077,972.0,0.09523809523809523
1078,0.0,2.0
1079,1085.0,0.6666666666666665
1080,1008.0,0.1428571428571428
1081,0.0,2.0
1082,1016.0,0.23809523809523792
1083,1018.0,0.04761904761904756
1084,0.0,2.0
1085,0.0,2.0
1086,0.0,2.0
1087,1069.0,0.04761904761904756
1088,0.0,2.0
1089,0.0,2.0
1090,0.0,2.0
1091,0.0,2.0
1092,1064.0,0.7142857142857142
1093,0.0,2.0
1094,1062.0,0.45238095238095233
1095,983.0,0.16666666666666652
1096,1127.0,0.26190476190476186
1097,0.0,2.0
1098,0.0,2.0
1099,987.0,0.6904761904761905
1100,1066.0,0.23809523809523792
1101,0.0,2.0
1102,1047.0,0.09523809523809523
1103,1024.0,0.6666666666666665
1104,1025.0,0.3095238095238094
1105,0.0,2.0
1106,0.0,2.0
1107,0.0,2.0
1108,1103.0,0.6666666666666665
1109,1039.0,0.4999999999999999
1110,1040.0,0.07142857142857129
1111,0.0,2.0
1112,0.0,2.0
1113,1063.0,0.26190476190476186
1114,0.0,2.0
1115,1048.0,0.33333333333333315
1116,1027.0,0.26190476190476186
1117,0.0,2.0
1118,1031.0,0.33333333333333315
1119,0.0,2.0
1120,1023.0,1.0476190476190477
1122,0.0,2.0
1123,0.0,2.0
1124,0.0,2.0
1125,0.0,2.0
1126,0.0,2.0
1127,1033.0,0.2142857142857142
1128,1071.0,0.7857142857142857
1129,0.0,2.0
1130,1017.0,0.09523809523809523
1131,1035.0,0.3095238095238094
1132,1046.0,0.26190476190476186
1133,1006.0,0.6904761904761905
1134,0.0,2.0
1135,1119.0,0.5952380952380951
1137,0.0,2.0
1138,1114.0,0.40476190476190466
1139,978.0,0.38095238095238093
1140,0.0,2.0
1141,0.0,2.0
1143,0.0,2.0
1144,1061.0,0.23809523809523792
1145,0.0,2.0
1146,0.0,2.0
1147,1166.0,0.7857142857142857
1148,0.0,2.0
1149,0.0,2.0
1150,0.0,2.0
1151,0.0,2.0
1152,1113.0,0.2857142857142856
1153,0.0,2.0
1154,1026.0,0.45238095238095233
1155,0.0,2.0
1156,0.0,2.0
1157,0.0,2.0
1158,1205.0,0.4999999999999999
1159,1135.0,1.0238095238095237
1160,1090.0,0.2857142857142856
1161,1045.0,0.07142857142857129
1162,994.0,1.5
1163,1147.0,0.8095238095238095
1164,0.0,2.0
1165,1075.0,0.09523809523809523
1166,1053.0,0.9523809523809523
1168,0.0,2.0
1169,1131.0,1.4285714285714286
1170,0.0,2.0
1171,0.0,2.0
1172,0.0,2.0
1173,1143.0,1.2380952380952381
1174,1109.0,0.5714285714285714
1175,0.0,2.0
1176,0.0,2.0
1177,0.0,2.0
1178,0.0,2.0
1179,0.0,2.0
1180,0.0,2.0
1181,1043.0,0.7142857142857142
1182,0.0,2.0
1183,1117.0,0.09523809523809523
1184,0.0,2.0
1186,0.0,2.0
1187,0.0,2.0
1188,0.0,2.0
1189,1122.0,0.19047619047619035
1190,1125.0,0.4285714285714285
1191,1084.0,0.23809523809523792
1192,0.0,2.0
1193,0.0,2.0
1194,0.0,2.0
1195,1108.0,0.2857142857142856
1196,1178.0,1.523809523809524
1197,1155.0,0.5238095238095237
1198,0.0,2.0
1199,0.0,2.0
1200,0.0,2.0
1201,0.0,2.0
1202,0.0,2.0
1203,1167.0,0.33333333333333315
1204,0.0,2.0
1205,1213.0,0.6428571428571428
1206,0.0,2.0
1207,0.0,2.0
1208,0.0,2.0
1209,1139.0,0.09523809523809523
1210,1149.0,0.5238095238095237
1211,0.0,2.0
1212,1116.0,0.16666666666666652
1213,1169.0,0.7857142857142857
1214,0.0,2.0
1215,1130.0,0.19047619047619035
1216,0.0,2.0
1217,1140.0,0.4285714285714285
1218,0.0,2.0
1219,0.0,2.0
1220,0.0,2.0
1221,0.0,2.0
1222,1235.0,0.8333333333333333
1223,1184.0,0.5714285714285714
1224,0.0,2.0
1225,0.0,2.0
1226,0.0,2.0
1227,1206.0,0.40476190476190466
1228,1095.0,0.6428571428571428
1229,0.0,2.0
1230,1289.0,0.38095238095238093
1231,0.0,2.0
1232,0.0,2.0
1233,1126.0,0.9047619047619048
1234,0.0,2.0
1235,0.0,2.0
1236,0.0,2.0
1237,1199.0,0.26190476190476186
1238,0.0,2.0
1239,1214.0,0.5238095238095237
1240,0.0,2.0
1241,0.0,2.0
1242,0.0,2.0
1243,0.0,2.0
1244,1194.0,1.0
1245,1136.0,0.33333333333333315
1246,0.0,2.0
1248,0.0,2.0
1249,0.0,2.0
1250,1221.0,0.8095238095238095
1251,1195.0,0.38095238095238093
1253,0.0,2.0
1254,1244.0,0.09523809523809523
1255,1258.0,0.738095238095238
1256,1187.0,0.2857142857142856
1257,0.0,2.0
1258,1198.0,0.9761904761904762
1259,0.0,2.0
1260,1268.0,1.0952380952380953
1261,0.0,2.0
1262,0.0,2.0
1263,1144.0,0.619047619047619
1264,1197.0,0.33333333333333315
1265,0.0,2.0
1266,1146.0,0.8095238095238095
1267,1180.0,1.0714285714285714
1268,1237.0,0.6666666666666665
1269,1263.0,0.38095238095238093
1270,1245.0,0.4999999999999999
1271,0.0,2.0
1272,1179.0,0.7619047619047619
1273,1172.0,0.7142857142857142
1274,0.0,2.0
1275,1236.0,0.7142857142857142
1276,0.0,2.0
1277,0.0,2.0
1278,0.0,2.0
1279,1171.0,0.8333333333333333
1281,0.0,2.0
1282,0.0,2.0
1283,1129.0,0.3571428571428571
1284,1165.0,0.8809523809523809
1285,0.0,2.0
1286,0.0,2.0
1287,1256.0,0.619047619047619
1288,1207.0,0.2857142857142856
1289,1228.0,0.3571428571428571
1290,1253.0,1.0
1291,0.0,2.0
1292,0.0,2.0
1293,1248.0,0.23809523809523792
1294,0.0,2.0
1295,0.0,2.0
1296,0.0,2.0
1297,0.0,2.0
1298,1223.0,0.2857142857142856
1299,1296.0,0.33333333333333315
1300,1249.0,0.2142857142857142
1301,0.0,2.0
1302,0.0,2.0
1303,1272.0,0.738095238095238
1305,1203.0,0.40476190476190466
1306,1240.0,0.23809523809523792
1307,1345.0,0.9523809523809523
1308,0.0,2.0
1309,0.0,2.0
1310,1282.0,0.23809523809523792
1311,1201.0,0.19047619047619035
1312,1211.0,0.4999999999999999
1313,1208.0,0.38095238095238093
1314,1229.0,0.45238095238095233
1315,0.0,2.0
1316,0.0,2.0
1317,0.0,2.0
1318,1173.0,1.0
1319,0.0,2.0
1320,0.0,2.0
1321,0.0,2.0
1322,0.0,2.0
1323,1204.0,0.5238095238095237
1324,1251.0,0.4285714285714285
1325,1145.0,0.8095238095238095
1326,0.0,2.0
1327,0.0,2.0
1328,1274.0,0.47619047619047605
1329,0.0,2.0
1330,0.0,2.0
1332,1337.0,0.38095238095238093
1333,1298.0,0.5714285714285714
1334,1352.0,0.5714285714285714
1335,1278.0,0.7857142857142857
1336,0.0,2.0
1337,0.0,2.0
1338,1306.0,0.5714285714285714
1339,0.0,2.0
1340,1252.0,0.8571428571428571
1341,0.0,2.0
1342,0.0,2.0
1343,0.0,2.0
1344,0.0,2.0
1345,1247.0,0.33333333333333315
1346,0.0,2.0
1348,0.0,2.0
1349,0.0,2.0
1350,1239.0,0.6428571428571428
1351,1254.0,0.45238095238095233
1352,1351.0,0.47619047619047605
1353,1233.0,0.47619047619047605
1354,0.0,2.0
1355,0.0,2.0
1356,0.0,2.0
1357,0.0,2.0
1358,1341.0,1.0
1359,1299.0,0.3095238095238094
1360,0.0,2.0
1361,0.0,2.0
1362,1280.0,1.2857142857142858
1363,1260.0,0.19047619047619035
1364,0.0,2.0
1365,0.0,2.0
1366,1356.0,0.8095238095238095
1367,0.0,2.0
1368,1327.0,0.3571428571428571
1369,0.0,2.0
1370,0.0,2.0
1371,1241.0,0.4285714285714285
1372,0.0,2.0
1373,1379.0,0.5714285714285714
1374,0.0,2.0
1375,1234.0,0.619047619047619
1376,0.0,2.0
1377,0.0,2.0
1378,1270.0,0.2142857142857142
1379,1261.0,0.8333333333333333
1380,1385.0,0.619047619047619
1381,0.0,2.0
1382,0.0,2.0
1383,1303.0,0.2857142857142856
1384,1209.0,0.8095238095238095
1385,1402.0,0.5476190476190477
1386,0.0,2.0
1387,0.0,2.0
1388,1269.0,0.2857142857142856
1389,0.0,2.0
1390,0.0,2.0
1391,0.0,2.0
1392,0.0,2.0
1393,0.0,2.0
1394,1355.0,0.7142857142857142
1395,1371.0,0.7619047619047619
1396,0.0,2.0
1397,0.0,2.0
1398,1357.0,0.1428571428571428
1399,0.0,2.0
1400,0.0,2.0
1401,0.0,2.0
1402,0.0,2.0
1403,1335.0,1.0238095238095237
1404,1307.0,0.33333333333333315
1405,0.0,2.0
1406,0.0,2.0
1407,1322.0,0.4285714285714285
1408,0.0,2.0
1409,0.0,2.0
1410,0.0,2.0
1411,0.0,2.0
1412,0.0,2.0
1413,0.0,2.0
1414,0.0,2.0
1415,0.0,2.0
1416,0.0,2.0
1417,0.0,2.0
1418,1359.0,0.6428571428571428
1419,1304.0,0.4999999999999999
1420,0.0,2.0
1421,0.0,2.0
1422,0.0,2.0
1423,0.0,2.0
1424,0.0,2.0
1425,0.0,2.0
1426,0.0,2.0
1427,0.0,2.0
1428,0.0,2.0
1429,0.0,2.0
1430,0.0,2.0
1431,1308.0,0.9761904761904762
1432,1292.0,0.40476190476190466
1433,0.0,2.0
1434,0.0,2.0
1435,0.0,2.0
1436,1317.0,0.5714285714285714
1437,1401.0,0.6428571428571428
1438,0.0,2.0
1439,0.0,2.0
1440,0.0,2.0
1441,1409.0,0.5714285714285714
1442,1334.0,0.45238095238095233
1443,0.0,2.0
1444,1381.0,0.7857142857142857
1445,1336.0,0.23809523809523792
1446,1262.0,0.45238095238095233
1447,1416.0,0.5714285714285714
1448,1358.0,0.5476190476190477
1449,0.0,2.0
1450,0.0,2.0
1451,1288.0,1.0238095238095237
1452,1301.0,1.1904761904761905
1453,0.0,2.0
1454,0.0,2.0
1455,1414.0,0.7142857142857142
1456,1354.0,0.26190476190476186
1457,0.0,2.0
1458,0.0,2.0
1459,1319.0,0.4285714285714285
1460,0.0,2.0
1461,0.0,2.0
1462,0.0,2.0
1463,1320.0,0.619047619047619
1464,1255.0,0.6904761904761905
1465,0.0,2.0
1466,0.0,2.0
1467,0.0,2.0
1468,0.0,2.0
1469,1332.0,1.3571428571428572
1470,0.0,2.0
1471,0.0,2.0
1472,1404.0,0.19047619047619035
1473,0.0,2.0
1474,0.0,2.0
1475,0.0,2.0
1476,1275.0,0.38095238095238093
1477,1438.0,0.5714285714285714
1478,0.0,2.0
1479,0.0,2.0
1480,0.0,2.0
1481,1375.0,0.3571428571428571
1482,0.0,2.0
1483,0.0,2.0
1484,1376.0,0.5238095238095237
1485,0.0,2.0
1486,1349.0,0.16666666666666652
1487,0.0,2.0
1488,0.0,2.0
1489,1386.0,0.38095238095238093
1490,0.0,2.0
1491,1406.0,1.0952380952380953
1492,0.0,2.0
1493,1383.0,0.7619047619047619
1494,1372.0,0.9523809523809523
1495,1396.0,0.7142857142857142
1496,1393.0,0.40476190476190466
1497,1309.0,0.5476190476190477
1498,0.0,2.0
1499,0.0,2.0
1500,1408.0,0.5714285714285714
1501,1368.0,0.38095238095238093
1502,1477.0,0.6904761904761905
1503,0.0,2.0
1504,0.0,2.0
1505,0.0,2.0
1506,0.0,2.0
1507,0.0,2.0
1508,0.0,2.0
1509,0.0,2.0
1510,0.0,2.0
1513,0.0,2.0
1514,1475.0,0.33333333333333315
1515,0.0,2.0
1516,1492.0,0.5952380952380951
1517,0.0,2.0
1518,1380.0,0.5238095238095237
1519,0.0,2.0
1520,1348.0,0.6428571428571428
1521,0.0,2.0
1522,1420.0,1.0952380952380953
1523,0.0,2.0
1525,1509.0,0.8095238095238095
1526,0.0,2.0
1527,1431.0,0.9761904761904762
1528,1389.0,0.4285714285714285
1529,0.0,2.0
1530,0.0,2.0
1531,0.0,2.0
1532,0.0,2.0
1533,1506.0,0.8333333333333333
1534,0.0,2.0
1535,0.0,2.0
1536,1524.0,0.4999999999999999
1538,0.0,2.0
1539,0.0,2.0
1540,0.0,2.0
1541,0.0,2.0
1542,1369.0,0.23809523809523792
1543,0.0,2.0
1544,0.0,2.0
1545,0.0,2.0
1546,0.0,2.0
1547,0.0,2.0
1548,0.0,2.0
1549,0.0,2.0
1550,1434.0,0.04761904761904756
1551,1510.0,0.04761904761904756
1552,0.0,2.0
1553,0.0,2.0
1554,0.0,2.0
1555,0.0,2.0
1556,0.0,2.0
1557,0.0,2.0
1558,0.0,2.0
1559,1467.0,0.4285714285714285
1560,0.0,2.0
1561,1448.0,1.0476190476190477
1562,0.0,2.0
1563,1430.0,0.738095238095238
1564,0.0,2.0
1565,0.0,2.0
1566,1564.0,0.40476190476190466
1567,1426.0,0.16666666666666652
1568,0.0,2.0
1569,1498.0,0.7142857142857142
1570,1423.0,0.5238095238095237
1571,0.0,2.0
1572,0.0,2.0
1573,0.0,2.0
1574,0.0,2.0
1575,0.0,2.0
1576,0.0,2.0
1577,0.0,2.0
1578,0.0,2.0
1579,1445.0,0.40476190476190466
1580,1464.0,0.5714285714285714
1581,0.0,2.0
1582,1514.0,0.26190476190476186
1583,0.0,2.0
1584,1427.0,0.47619047619047605
1585,0.0,2.0
1586,0.0,2.0
1587,1397.0,0.4285714285714285
1588,1495.0,0.45238095238095233
1589,1549.0,1.1428571428571428
1590,1455.0,0.4285714285714285
1591,1487.0,1.0
1592,1442.0,0.9523809523809523
1593,1465.0,0.738095238095238
1594,0.0,2.0
1595,0.0,2.0
1597,0.0,2.0
1598,1459.0,0.2857142857142856
1599,0.0,2.0
1600,0.0,2.0
1601,1548.0,0.5476190476190477
1602,0.0,2.0
1603,0.0,2.0
1604,1557.0,1.0952380952380953
1605,1437.0,0.04761904761904756
1606,1481.0,0.5952380952380951
1607,1441.0,0.26190476190476186
1608,1418.0,0.2142857142857142
1609,0.0,2.0
1610,1607.0,1.0
1611,1501.0,0.7619047619047619
1612,0.0,2.0
1613,1457.0,0.5476190476190477
1614,1461.0,0.38095238095238093
1615,0.0,2.0
1616,0.0,2.0
1617,1503.0,0.19047619047619035
1618,0.0,2.0
1619,0.0,2.0
1620,1601.0,0.3095238095238094
1621,1518.0,0.4285714285714285
1622,1493.0,0.2142857142857142
1623,0.0,2.0
1624,0.0,2.0
1625,0.0,2.0
1626,0.0,2.0
1627,0.0,2.0
1628,0.0,2.0
1629,0.0,2.0
1630,0.0,2.0
1631,1378.0,0.9285714285714286
1632,0.0,2.0
1633,0.0,2.0
1634,1497.0,0.33333333333333315
1635,0.0,2.0
1636,1443.0,0.7619047619047619
1637,0.0,2.0
1638,1637.0,0.9047619047619048
1639,0.0,2.0
1640,1499.0,0.19047619047619035
1641,0.0,2.0
1642,1734.0,0.4285714285714285
1643,1688.0,0.40476190476190466
1644,1547.0,1.1904761904761905
1645,1535.0,0.26190476190476186
1646,0.0,2.0
1647,1606.0,0.3095238095238094
1648,0.0,2.0
1649,0.0,2.0
1650,1447.0,0.45238095238095233
1651,0.0,2.0
1652,0.0,2.0
1653,0.0,2.0
1654,0.0,2.0
1655,0.0,2.0
1656,1550.0,0.23809523809523792
1657,0.0,2.0
1658,1529.0,0.8571428571428571
1659,0.0,2.0
1660,1623.0,1.2380952380952381
1661,0.0,2.0
1662,0.0,2.0
1663,1566.0,0.7619047619047619
1664,0.0,2.0
1665,1721.0,0.16666666666666652
1666,0.0,2.0
1667,1594.0,1.0
1668,0.0,2.0
1669,1600.0,1.0238095238095237
1670,1561.0,0.26190476190476186
1671,0.0,2.0
1672,1577.0,1.0238095238095237
1673,1520.0,0.40476190476190466
1674,1523.0,0.26190476190476186
1675,1717.0,0.9761904761904762
1676,0.0,2.0
1677,1554.0,0.7619047619047619
1678,0.0,2.0
1680,0.0,2.0
1681,0.0,2.0
1682,0.0,2.0
1683,1716.0,0.4999999999999999
1684,0.0,2.0
1685,1627.0,0.26190476190476186
1686,1541.0,0.11904761904761896
1687,0.0,2.0
1688,1507.0,0.23809523809523792
1689,0.0,2.0
1690,0.0,2.0
1691,0.0,2.0
1692,0.0,2.0
1694,0.0,2.0
1695,1567.0,0.19047619047619035
1696,0.0,2.0
1697,1631.0,0.16666666666666652
1698,0.0,2.0
1699,1483.0,0.7142857142857142
1700,1516.0,0.5476190476190477
1701,1555.0,0.19047619047619035
1702,0.0,2.0
1703,1589.0,0.23809523809523792
1704,0.0,2.0
1705,1537.0,0.38095238095238093
1706,1482.0,0.619047619047619
1707,0.0,2.0
1708,1703.0,0.09523809523809523
1709,1528.0,0.4285714285714285
1710,0.0,2.0
1711,1505.0,0.7857142857142857
1712,1643.0,0.6666666666666665
1713,1536.0,0.3571428571428571
1714,0.0,2.0
1715,0.0,2.0
1716,0.0,2.0
1717,1616.0,0.38095238095238093
1718,0.0,2.0
1719,1638.0,0.47619047619047605
1720,0.0,2.0
1721,0.0,2.0
1722,0.0,2.0
1723,0.0,2.0
1724,0.0,2.0
1725,1602.0,0.11904761904761896
1726,1578.0,0.7142857142857142
1727,0.0,2.0
1728,0.0,2.0
1729,1708.0,0.8333333333333333
1730,1609.0,0.2857142857142856
1731,1701.0,0.7857142857142857
1732,0.0,2.0
1733,1806.0,0.4285714285714285
1734,0.0,2.0
1735,0.0,2.0
1736,1563.0,0.3571428571428571
1737,1552.0,0.5714285714285714
1738,1645.0,0.6666666666666665
1739,1724.0,0.8809523809523809
1740,1689.0,0.5952380952380951
1741,1582.0,0.33333333333333315
1742,0.0,2.0
1743,1679.0,1.2142857142857144
1744,0.0,2.0
1745,0.0,2.0
1746,0.0,2.0
1747,1597.0,0.2857142857142856
1748,0.0,2.0
1749,1675.0,0.26190476190476186
1750,0.0,2.0
1751,0.0,2.0
1752,0.0,2.0
1753,0.0,2.0
1754,1737.0,0.5714285714285714
1755,0.0,2.0
1756,0.0,2.0
1757,1698.0,0.26190476190476186
1758,0.0,2.0
1759,0.0,2.0
1760,0.0,2.0
1761,1652.0,0.09523809523809523
1762,0.0,2.0
1763,1614.0,0.3095238095238094
1764,1655.0,0.45238095238095233
1765,1593.0,0.4999999999999999
1766,1587.0,0.16666666666666652
1767,1660.0,0.4999999999999999
1768,1596.0,1.3095238095238095
1770,0.0,2.0
1771,1799.0,1.0476190476190477
1772,0.0,2.0
1773,1630.0,0.07142857142857129
1774,1654.0,0.5476190476190477
1775,0.0,2.0
1776,1741.0,0.6428571428571428
1777,1683.0,0.40476190476190466
1778,1668.0,0.19047619047619035
1779,1640.0,0.6904761904761905
1780,0.0,2.0
1781,1517.0,0.3571428571428571
1782,1672.0,0.09523809523809523
1783,0.0,2.0
1784,0.0,2.0
1785,0.0,2.0
1786,1621.0,0.619047619047619
1787,0.0,2.0
1788,1533.0,0.2857142857142856
1789,1704.0,0.7857142857142857
1790,1706.0,0.6666666666666665
1791,0.0,2.0
1792,1579.0,0.45238095238095233
1793,0.0,2.0
1794,0.0,2.0
1795,0.0,2.0
1796,1793.0,0.5238095238095237
1797,0.0,2.0
1798,0.0,2.0
1799,0.0,2.0
1800,0.0,2.0
1801,1692.0,1.119047619047619
1802,0.0,2.0
1803,0.0,2.0
1804,0.0,2.0
1805,0.0,2.0
1806,1624.0,1.2142857142857144
1807,0.0,2.0
1808,1768.0,0.9761904761904762
1809,0.0,2.0
1810,0.0,2.0
1811,1633.0,0.19047619047619035
1812,1699.0,0.5714285714285714
1813,1664.0,0.2142857142857142
1814,0.0,2.0
1815,0.0,2.0
1816,1649.0,0.9523809523809523
1817,1641.0,0.45238095238095233
1818,0.0,2.0
1819,0.0,2.0
1820,0.0,2.0
1821,0.0,2.0
1822,0.0,2.0
1823,0.0,2.0
1824,1754.0,1.0714285714285714
1825,0.0,2.0
1826,0.0,2.0
1827,0.0,2.0
1828,0.0,2.0
1829,0.0,2.0
1830,1608.0,0.26190476190476186
1831,1910.0,0.9761904761904762
1832,1845.0,0.3095238095238094
1833,0.0,2.0
1834,1764.0,0.8333333333333333
1835,0.0,2.0
1836,0.0,2.0
1837,1802.0,1.0952380952380953
1838,1758.0,0.8809523809523809
1839,0.0,2.0
1840,0.0,2.0
1841,0.0,2.0
1842,1632.0,0.3571428571428571
1843,1678.0,0.40476190476190466
1844,1859.0,1.0
1845,0.0,2.0
1846,1738.0,0.16666666666666652
1847,1773.0,0.2857142857142856
1848,0.0,2.0
1849,1673.0,0.38095238095238093
1851,0.0,2.0
1852,1626.0,0.8333333333333333
1853,1759.0,0.33333333333333315
1854,1657.0,0.26190476190476186
1855,0.0,2.0
1856,1680.0,0.23809523809523792
1857,1733.0,1.0476190476190477
1858,0.0,2.0
1859,0.0,2.0
1860,0.0,2.0
1861,0.0,2.0
1862,1753.0,0.7857142857142857
1863,0.0,2.0
1864,0.0,2.0
1865,0.0,2.0
1866,1749.0,0.38095238095238093
1867,0.0,2.0
1868,0.0,2.0
1869,1871.0,0.9047619047619048
1870,0.0,2.0
1871,0.0,2.0
1872,0.0,2.0
1873,1894.0,0.8095238095238095
1874,0.0,2.0
1875,1707.0,0.38095238095238093
1876,0.0,2.0
1878,0.0,2.0
1879,0.0,2.0
1880,0.0,2.0
1881,0.0,2.0
1882,0.0,2.0
1883,1948.0,0.8333333333333333
1884,0.0,2.0
1885,0.0,2.0
1886,1743.0,0.47619047619047605
1887,1628.0,0.38095238095238093
1888,1858.0,0.8095238095238095
1889,1897.0,0.5476190476190477
1890,1769.0,0.7857142857142857
1891,1700.0,0.38095238095238093
1892,0.0,2.0
1893,1860.0,0.47619047619047605
1894,1750.0,0.33333333333333315
1895,1784.0,0.45238095238095233
1896,1803.0,0.09523809523809523
1897,1774.0,1.1904761904761905
1898,1729.0,0.38095238095238093
1899,1687.0,0.9047619047619048
1900,0.0,2.0
1901,0.0,2.0
1902,0.0,2.0
1903,0.0,2.0
1904,0.0,2.0
1905,1828.0,0.09523809523809523
1906,0.0,2.0
1907,0.0,2.0
1908,0.0,2.0
1909,0.0,2.0
1910,0.0,2.0
1912,1815.0,0.2857142857142856
1913,0.0,2.0
1914,0.0,2.0
1915,1744.0,0.9285714285714286
1916,1783.0,1.0238095238095237
1917,0.0,2.0
1918,0.0,2.0
1919,0.0,2.0
1920,0.0,2.0
1921,1826.0,0.47619047619047605
1922,0.0,2.0
1923,0.0,2.0
1924,0.0,2.0
1925,0.0,2.0
1926,0.0,2.0
1927,1825.0,0.2857142857142856
1928,1766.0,0.3571428571428571
1929,0.0,2.0
1930,0.0,2.0
1931,0.0,2.0
1932,1862.0,0.23809523809523792
1933,1761.0,0.23809523809523792
1934,0.0,2.0
1935,0.0,2.0
1936,1776.0,0.7619047619047619
1937,1796.0,0.5476190476190477
1938,1901.0,0.5476190476190477
1939,0.0,2.0
1940,1872.0,0.5714285714285714
1941,0.0,2.0
1942,0.0,2.0
1943,0.0,2.0
1944,1947.0,0.26190476190476186
1945,1780.0,0.23809523809523792
1946,1878.0,0.11904761904761896
1947,1736.0,0.4999999999999999
1948,0.0,2.0
1949,1693.0,0.7142857142857142
1950,0.0,2.0
1951,0.0,2.0
1952,0.0,2.0
1953,0.0,2.0
1954,0.0,2.0
1955,1912.0,0.3571428571428571
1956,0.0,2.0
1957,0.0,2.0
1958,1720.0,0.3571428571428571
1960,0.0,2.0
1961,1939.0,0.8571428571428571
1962,1838.0,0.8095238095238095
1963,0.0,2.0
1964,1884.0,0.5476190476190477
1965,1760.0,0.33333333333333315
1966,1797.0,0.4999999999999999
1967,1993.0,0.33333333333333315
1968,1994.0,0.1428571428571428
1969,0.0,2.0
1970,0.0,2.0
1971,1933.0,0.619047619047619
1972,1942.0,0.19047619047619035
1973,1787.0,0.1428571428571428
1974,0.0,2.0
1975,0.0,2.0
1976,2047.0,0.47619047619047605
1977,1952.0,0.5238095238095237
1978,0.0,2.0
1979,0.0,2.0
1980,0.0,2.0
1981,1980.0,0.5952380952380951
1982,0.0,2.0
1983,0.0,2.0
1984,0.0,2.0
1985,1982.0,0.2142857142857142
1986,0.0,2.0
1987,1807.0,0.3571428571428571
1988,1781.0,0.47619047619047605
1989,1771.0,0.38095238095238093
1991,0.0,2.0
1992,2004.0,0.11904761904761896
1993,1903.0,0.6428571428571428
1994,0.0,2.0
1995,0.0,2.0
1996,0.0,2.0
1997,0.0,2.0
1998,0.0,2.0
1999,1935.0,0.7619047619047619
2000,1854.0,0.3571428571428571
2001,1863.0,0.26190476190476186
2002,0.0,2.0
2003,1870.0,0.23809523809523792
2004,1788.0,0.738095238095238
2005,1917.0,0.619047619047619
2006,0.0,2.0
2007,1835.0,1.2142857142857144
2008,0.0,2.0
2009,0.0,2.0
2010,1890.0,0.11904761904761896
2011,1892.0,0.33333333333333315
2013,1837.0,0.9761904761904762
2014,0.0,2.0
2015,2033.0,1.1428571428571428
2016,1966.0,0.23809523809523792
2017,0.0,2.0
2018,0.0,2.0
2019,0.0,2.0
2020,1861.0,0.6666666666666665
2021,1889.0,0.5238095238095237
2022,1936.0,0.9285714285714286
2023,1905.0,0.38095238095238093
2024,0.0,2.0
2025,1832.0,0.40476190476190466
2026,1925.0,0.5952380952380951
2027,0.0,2.0
2028,1913.0,0.6904761904761905
2029,0.0,2.0
2030,0.0,2.0
2031,1934.0,0.8333333333333333
2032,0.0,2.0
2033,0.0,2.0
2034,0.0,2.0
2035,0.0,2.0
2036,0.0,2.0
2037,1879.0,0.5714285714285714
2038,0.0,2.0
2039,0.0,2.0
2040,0.0,2.0
2041,1812.0,0.8571428571428571
2042,0.0,2.0
2043,0.0,2.0
2044,2014.0,0.738095238095238
2045,2008.0,1.3571428571428572
2046,1864.0,0.40476190476190466
2047,1898.0,0.38095238095238093
2048,0.0,2.0
2049,2039.0,0.6904761904761905
2050,0.0,2.0
2051,1888.0,0.07142857142857129
2052,0.0,2.0
2053,0.0,2.0
2055,0.0,2.0
2056,1875.0,0.40476190476190466
2057,0.0,2.0
2058,1809.0,0.2142857142857142
2059,1831.0,0.26190476190476186
2060,2022.0,0.5238095238095237
2061,0.0,2.0
2062,1954.0,0.19047619047619035
2064,0.0,2.0
2066,2037.0,0.3095238095238094
2067,1971.0,0.4285714285714285
2068,0.0,2.0
2069,1849.0,0.7857142857142857
2070,0.0,2.0
2071,0.0,2.0
2072,1915.0,0.6428571428571428
2073,2056.0,0.4285714285714285
2074,0.0,2.0
2075,0.0,2.0
2076,0.0,2.0
2077,2053.0,0.8095238095238095
2078,2000.0,1.0238095238095237
2079,0.0,2.0
2080,0.0,2.0
2081,0.0,2.0
2082,1856.0,0.619047619047619
2084,0.0,2.0
2085,0.0,2.0
2086,0.0,2.0
2087,0.0,2.0
2088,0.0,2.0
2089,0.0,2.0
2090,0.0,2.0
2091,0.0,2.0
2092,2043.0,0.738095238095238
2093,0.0,2.0
2094,1922.0,0.8571428571428571
2095,2080.0,1.0952380952380953
2096,2005.0,0.7619047619047619
2097,1970.0,0.5952380952380951
2098,0.0,2.0
2099,0.0,2.0
2100,1908.0,0.4285714285714285
2101,1955.0,1.2142857142857144
2102,0.0,2.0
2103,0.0,2.0
2104,1876.0,0.2857142857142856
2105,0.0,2.0
2106,0.0,2.0
2107,1919.0,0.38095238095238093
2108,1857.0,0.5952380952380951
2109,1813.0,0.1428571428571428
2110,2137.0,0.11904761904761896
2111,2042.0,0.09523809523809523
2112,0.0,2.0
2113,0.0,2.0
2114,0.0,2.0
2115,1944.0,0.5714285714285714
2116,2176.0,0.11904761904761896
2117,1943.0,0.3095238095238094
2118,0.0,2.0
2119,2111.0,0.4285714285714285
2120,0.0,2.0
2121,0.0,2.0
2122,1957.0,0.5238095238095237
2123,2195.0,0.04761904761904756
2124,0.0,2.0
2125,0.0,2.0
2126,2017.0,0.47619047619047605
2127,0.0,2.0
2128,0.0,2.0
2129,0.0,2.0
2130,2027.0,0.6666666666666665
2131,2161.0,0.45238095238095233
2132,2030.0,0.7619047619047619
2133,0.0,2.0
2134,1986.0,0.4999999999999999
2135,2096.0,0.3095238095238094
2136,0.0,2.0
2137,2087.0,0.7619047619047619
2138,0.0,2.0
2139,0.0,2.0
2140,0.0,2.0
2141,0.0,2.0
2142,2090.0,0.6904761904761905
2143,0.0,2.0
2144,1974.0,0.6428571428571428
2145,1945.0,1.1666666666666667
2146,0.0,2.0
2147,2156.0,0.3095238095238094
2148,2099.0,0.5476190476190477
2149,2100.0,0.5952380952380951
2150,0.0,2.0
2151,2057.0,1.2857142857142858
2152,0.0,2.0
2153,0.0,2.0
2154,1926.0,0.738095238095238
2155,0.0,2.0
2156,2002.0,0.40476190476190466
2157,2049.0,0.7857142857142857
2158,1985.0,1.0238095238095237
2159,2019.0,0.3095238095238094
2160,1918.0,0.4285714285714285
2161,0.0,2.0
2162,1881.0,0.8809523809523809
2163,0.0,2.0
2164,0.0,2.0
2165,2054.0,0.5952380952380951
2166,1937.0,0.6904761904761905
2167,2138.0,0.3095238095238094
2168,0.0,2.0
2169,0.0,2.0
2170,0.0,2.0
2171,1992.0,0.5714285714285714
2172,1923.0,0.3095238095238094
2173,0.0,2.0
2174,0.0,2.0
2175,2102.0,0.3095238095238094
2176,0.0,2.0
2177,1962.0,0.26190476190476186
2178,0.0,2.0
2179,0.0,2.0
2180,0.0,2.0
2181,1909.0,0.45238095238095233
2183,1987.0,0.2857142857142856
2184,2147.0,0.5476190476190477
2185,0.0,2.0
2186,2124.0,1.119047619047619
2187,2059.0,0.619047619047619
2188,2061.0,0.47619047619047605
2189,0.0,2.0
2190,1972.0,0.23809523809523792
2191,0.0,2.0
2192,0.0,2.0
2193,2123.0,0.23809523809523792
2194,2091.0,0.45238095238095233
2195,0.0,2.0
2196,0.0,2.0
2197,0.0,2.0
2198,2077.0,0.6666666666666665
2199,0.0,2.0
2200,0.0,2.0
2201,0.0,2.0
2202,0.0,2.0
2203,0.0,2.0
2204,2106.0,0.09523809523809523
2205,2082.0,0.1428571428571428
2206,0.0,2.0
2207,0.0,2.0
2208,0.0,2.0
2209,2034.0,0.5476190476190477
2210,0.0,2.0
2211,0.0,2.0
2212,2003.0,0.19047619047619035
2213,0.0,2.0
2214,2263.0,0.6428571428571428
2215,2052.0,0.5238095238095237
2216,0.0,2.0
2217,0.0,2.0
2218,2063.0,0.7142857142857142
2219,2175.0,1.0
2220,2152.0,0.47619047619047605
2221,1990.0,1.0
2222,0.0,2.0
2223,0.0,2.0
2224,0.0,2.0
2225,0.0,2.0
2226,0.0,2.0
2227,0.0,2.0
2228,2001.0,0.33333333333333315
2229,0.0,2.0
2230,2151.0,0.45238095238095233
2231,0.0,2.0
2232,1951.0,0.33333333333333315
2233,2112.0,1.3333333333333335
2234,0.0,2.0
2235,0.0,2.0
2236,2185.0,0.8333333333333333
2237,2101.0,1.0238095238095237
2238,0.0,2.0
2239,0.0,2.0
2240,0.0,2.0
2241,1988.0,0.6666666666666665
2242,0.0,2.0
2243,0.0,2.0
2244,2261.0,0.40476190476190466
2245,0.0,2.0
2246,0.0,2.0
2247,2116.0,1.761904761904762
2248,0.0,2.0
2249,0.0,2.0
2250,2221.0,0.3095238095238094
2251,0.0,2.0
2252,2162.0,0.23809523809523792
2253,2114.0,0.3571428571428571
2254,0.0,2.0
2255,2050.0,0.40476190476190466
2256,2119.0,1.3333333333333335
2257,2093.0,1.4523809523809523
2258,0.0,2.0
2259,2066.0,0.33333333333333315
2260,0.0,2.0
2261,2117.0,0.3571428571428571
2262,2051.0,0.9761904761904762
2263,0.0,2.0
2264,0.0,2.0
2265,0.0,2.0
2266,0.0,2.0
2268,0.0,2.0
2269,0.0,2.0
2270,0.0,2.0
2271,2128.0,0.4999999999999999
2272,0.0,2.0
2274,0.0,2.0
2275,2328.0,0.619047619047619
2276,0.0,2.0
2277,2143.0,0.3571428571428571
2278,2245.0,0.33333333333333315
2279,0.0,2.0
2280,2046.0,1.0238095238095237
2281,2293.0,0.5238095238095237
2282,0.0,2.0
2283,0.0,2.0
2284,2166.0,0.5238095238095237
2285,0.0,2.0
2286,0.0,2.0
2287,0.0,2.0
2288,2069.0,0.2142857142857142
2289,0.0,2.0
2290,0.0,2.0
2291,0.0,2.0
2292,0.0,2.0
2293,0.0,2.0
2294,2184.0,0.6428571428571428
2295,0.0,2.0
2296,0.0,2.0
2297,0.0,2.0
2298,0.0,2.0
2299,0.0,2.0
2300,0.0,2.0
2301,0.0,2.0
2302,2164.0,0.23809523809523792
2303,2136.0,0.2857142857142856
2304,2092.0,0.8571428571428571
2305,0.0,2.0
2307,0.0,2.0
2308,0.0,2.0
2309,0.0,2.0
2310,0.0,2.0
2311,0.0,2.0
2312,2240.0,0.8571428571428571
2313,2118.0,0.47619047619047605
2314,0.0,2.0
2315,2169.0,0.45238095238095233
2316,2079.0,0.3095238095238094
2317,0.0,2.0
2318,0.0,2.0
2319,0.0,2.0
2320,0.0,2.0
2321,2209.0,0.33333333333333315
2322,0.0,2.0
2323,0.0,2.0
2324,0.0,2.0
2325,0.0,2.0
2326,2289.0,1.0952380952380953
2327,0.0,2.0
2328,2281.0,0.6904761904761905
2329,0.0,2.0
2330,2144.0,0.5714285714285714
2331,2064.0,0.5952380952380951
2332,2238.0,0.4285714285714285
2333,2218.0,0.8571428571428571
2334,0.0,2.0
2335,0.0,2.0
2336,2120.0,0.11904761904761896
2337,2125.0,0.4999999999999999
2338,2094.0,0.8571428571428571
2339,0.0,2.0
2340,2381.0,0.2142857142857142
2341,0.0,2.0
2342,2320.0,0.619047619047619
2343,2299.0,0.07142857142857129
2344,2276.0,0.7142857142857142
2345,0.0,2.0
2346,0.0,2.0
2347,0.0,2.0
2348,2159.0,0.40476190476190466
2349,2167.0,0.11904761904761896
2350,0.0,2.0
2351,0.0,2.0
2352,0.0,2.0
2353,0.0,2.0
2354,2241.0,0.3095238095238094
2355,0.0,2.0
2356,2109.0,0.9285714285714286
2357,0.0,2.0
2359,2204.0,0.9761904761904762
2360,2274.0,0.47619047619047605
2361,2244.0,0.47619047619047605
2362,2247.0,0.09523809523809523
2363,2207.0,0.07142857142857129
2364,0.0,2.0
2365,2231.0,0.9761904761904762
2366,2284.0,1.0714285714285714
2367,0.0,2.0
2368,2385.0,0.9285714285714286
2370,2146.0,0.5476190476190477
2371,0.0,2.0
2373,2224.0,0.6666666666666665
2374,0.0,2.0
2375,0.0,2.0
2376,2472.0,0.1428571428571428
2377,0.0,2.0
2378,0.0,2.0
2379,2163.0,0.6904761904761905
2380,0.0,2.0
2381,0.0,2.0
2382,0.0,2.0
2383,2342.0,0.7142857142857142
2384,0.0,2.0
2385,0.0,2.0
2386,2370.0,0.33333333333333315
2387,2378.0,0.8571428571428571
2388,0.0,2.0
2389,0.0,2.0
2390,0.0,2.0
2391,0.0,2.0
2393,0.0,2.0
2394,2491.0,0.16666666666666652
2395,0.0,2.0
2396,2211.0,0.5476190476190477
2397,2246.0,0.4999999999999999
2398,2301.0,0.5714285714285714
2399,2181.0,0.2142857142857142
2400,0.0,2.0
2401,2237.0,0.33333333333333315
2402,0.0,2.0
2403,2264.0,0.8095238095238095
2404,0.0,2.0
2405,2397.0,0.09523809523809523
2406,2265.0,0.45238095238095233
2407,2335.0,0.6428571428571428
2408,0.0,2.0
2409,2168.0,0.09523809523809523
2410,2248.0,0.23809523809523792
2411,2365.0,0.2857142857142856
2412,2290.0,0.38095238095238093
2413,2188.0,0.7142857142857142
2414,2193.0,0.8571428571428571
2415,2403.0,0.16666666666666652
2416,2358.0,0.7857142857142857
2417,0.0,2.0
2418,2232.0,0.6428571428571428
2419,2220.0,0.38095238095238093
2420,0.0,2.0
2421,0.0,2.0
2422,0.0,2.0
2423,0.0,2.0
2424,2201.0,0.9285714285714286
2425,2430.0,0.4285714285714285
2426,2391.0,0.26190476190476186
2427,0.0,2.0
2428,0.0,2.0
2429,0.0,2.0
2430,0.0,2.0
2431,2495.0,0.6666666666666665
2433,2417.0,0.4285714285714285
2434,0.0,2.0
2435,2349.0,0.3571428571428571
2436,0.0,2.0
2437,0.0,2.0
2438,2234.0,0.5714285714285714
2439,0.0,2.0
2440,2344.0,1.0952380952380953
2441,2307.0,0.6428571428571428
2442,2255.0,0.4999999999999999
2443,2432.0,0.6904761904761905
2444,0.0,2.0
2445,2395.0,0.2142857142857142
2446,0.0,2.0
2447,0.0,2.0
2448,2266.0,0.19047619047619035
2449,2154.0,0.2857142857142856
2450,0.0,2.0
2451,0.0,2.0
2452,0.0,2.0
2453,2348.0,0.4285714285714285
2454,0.0,2.0
2455,0.0,2.0
2456,0.0,2.0
2457,0.0,2.0
2458,2314.0,1.380952380952381
2459,0.0,2.0
2461,0.0,2.0
2462,0.0,2.0
2463,0.0,2.0
2464,2371.0,0.6666666666666665
2465,0.0,2.0
2466,2233.0,0.3095238095238094
2467,0.0,2.0
2468,2359.0,0.5238095238095237
2469,0.0,2.0
2470,0.0,2.0
2471,0.0,2.0
2472,0.0,2.0
2473,0.0,2.0
2474,2316.0,0.45238095238095233
2475,0.0,2.0
2476,2451.0,0.1428571428571428
2477,0.0,2.0
2478,2315.0,0.8809523809523809
2479,0.0,2.0
2480,2490.0,0.5714285714285714
2481,2533.0,0.8571428571428571
2482,2543.0,0.09523809523809523
2483,0.0,2.0
2484,2436.0,0.11904761904761896
2485,0.0,2.0
2486,2300.0,0.5714285714285714
2487,0.0,2.0
2488,2357.0,0.8095238095238095
2489,2416.0,0.16666666666666652
2490,0.0,2.0
2491,0.0,2.0
2492,2345.0,0.3571428571428571
2493,2337.0,0.6428571428571428
2494,0.0,2.0
2495,0.0,2.0
2496,0.0,2.0
2497,0.0,2.0
2498,2477.0,0.9523809523809523
2499,2398.0,0.2857142857142856
2500,2286.0,0.6666666666666665
2501,2327.0,0.023809523809523725
2502,0.0,2.0
2503,0.0,2.0
2504,0.0,2.0
2505,2454.0,1.0238095238095237
2506,2367.0,0.1428571428571428
2507,0.0,2.0
2508,2249.0,0.5952380952380951
2509,2396.0,0.38095238095238093
2510,0.0,2.0
2512,2336.0,0.19047619047619035
2513,2360.0,1.3095238095238095
2514,0.0,2.0
2515,2382.0,0.07142857142857129
2516,0.0,2.0
2517,0.0,2.0
2518,2373.0,0.33333333333333315
2519,2374.0,0.26190476190476186
2520,0.0,2.0
2521,0.0,2.0
2522,2287.0,0.40476190476190466
2523,0.0,2.0
2524,2354.0,0.26190476190476186
2525,2568.0,0.3571428571428571
2526,2411.0,0.5476190476190477
2527,0.0,2.0
2528,0.0,2.0
2529,0.0,2.0
2530,2323.0,0.33333333333333315
2531,2589.0,0.38095238095238093
2532,0.0,2.0
2533,2309.0,0.38095238095238093
2534,2285.0,0.6428571428571428
2535,2567.0,0.5476190476190477
2536,2630.0,0.2142857142857142
2537,2523.0,0.5714285714285714
2538,0.0,2.0
2539,0.0,2.0
2540,0.0,2.0
2541,0.0,2.0
2542,0.0,2.0
2543,0.0,2.0
2545,2559.0,0.8809523809523809
2546,2456.0,0.3571428571428571
2547,2488.0,0.45238095238095233
2548,0.0,2.0
2549,0.0,2.0
2550,0.0,2.0
2551,0.0,2.0
2552,2493.0,0.23809523809523792
2553,0.0,2.0
2554,2242.0,0.619047619047619
2555,0.0,2.0
2556,0.0,2.0
2557,0.0,2.0
2558,2469.0,0.5476190476190477
2559,2346.0,0.2142857142857142
2560,0.0,2.0
2561,0.0,2.0
2562,0.0,2.0
2563,0.0,2.0
2564,0.0,2.0
2565,2325.0,0.9523809523809523
2566,0.0,2.0
2567,2534.0,0.23809523809523792
2568,0.0,2.0
2569,2545.0,0.5714285714285714
2570,2487.0,0.619047619047619
2571,0.0,2.0
2572,0.0,2.0
2573,0.0,2.0
2574,0.0,2.0
2575,2569.0,0.9285714285714286
2576,0.0,2.0
2577,2513.0,0.40476190476190466
2578,0.0,2.0
2579,2419.0,0.47619047619047605
2580,0.0,2.0
2581,2368.0,1.0476190476190477
2582,0.0,2.0
2583,0.0,2.0
2584,0.0,2.0
2585,0.0,2.0
2586,2512.0,0.9761904761904762
2587,0.0,2.0
2588,0.0,2.0
2589,0.0,2.0
2590,2450.0,0.8333333333333333
2591,0.0,2.0
2592,0.0,2.0
2593,2401.0,1.0476190476190477
2594,0.0,2.0
2595,2455.0,0.45238095238095233
2596,0.0,2.0
2597,2480.0,0.23809523809523792
2598,2420.0,0.16666666666666652
2599,2383.0,0.6428571428571428
2600,2413.0,0.16666666666666652
2601,2317.0,0.33333333333333315
2602,0.0,2.0
2603,2468.0,0.4285714285714285
2604,0.0,2.0
2605,2426.0,1.1904761904761905
2606,0.0,2.0
2607,2462.0,0.2857142857142856
2608,0.0,2.0
2609,2380.0,0.619047619047619
2610,2591.0,0.19047619047619035
2611,2501.0,0.2857142857142856
2612,2586.0,0.4999999999999999
2613,2506.0,0.23809523809523792
2614,0.0,2.0
2615,2270.0,0.26190476190476186
2616,2622.0,0.16666666666666652
2617,2425.0,0.3571428571428571
2618,0.0,2.0
2619,0.0,2.0
2620,2402.0,0.19047619047619035
2621,0.0,2.0
2622,2639.0,0.3571428571428571
2623,2519.0,0.2142857142857142
2624,2570.0,0.1428571428571428
2625,0.0,2.0
2626,2644.0,0.38095238095238093
2627,0.0,2.0
2628,2460.0,0.738095238095238
2629,0.0,2.0
2630,0.0,2.0
2631,0.0,2.0
2632,0.0,2.0
2633,0.0,2.0
2634,2497.0,0.1428571428571428
2635,0.0,2.0
2636,2608.0,0.5238095238095237
2637,2551.0,0.1428571428571428
2638,0.0,2.0
2639,0.0,2.0
2640,2303.0,0.04761904761904756
2641,0.0,2.0
2642,2548.0,0.2857142857142856
2643,0.0,2.0
2644,0.0,2.0
2645,0.0,2.0
2646,0.0,2.0
2647,0.0,2.0
2648,0.0,2.0
2649,0.0,2.0
2650,2537.0,0.4285714285714285
2651,0.0,2.0
2652,2531.0,0.16666666666666652
2653,0.0,2.0
2654,0.0,2.0
2655,0.0,2.0
2656,0.0,2.0
2657,2459.0,0.11904761904761896
2658,2427.0,0.8809523809523809
2659,2538.0,0.26190476190476186
2660,2361.0,0.7857142857142857
2661,0.0,2.0
2662,2667.0,0.5238095238095237
2663,0.0,2.0
2664,2571.0,0.19047619047619035
2665,0.0,2.0
2666,0.0,2.0
2667,0.0,2.0
2668,0.0,2.0
2669,0.0,2.0
2670,2443.0,0.8571428571428571
2671,2623.0,0.6904761904761905
2672,0.0,2.0
2673,2594.0,0.5714285714285714
2674,2486.0,0.619047619047619
2675,0.0,2.0
2676,2515.0,0.023809523809523725
2677,0.0,2.0
2678,0.0,2.0
2679,0.0,2.0
2680,0.0,2.0
2681,0.0,2.0
2682,2684.0,0.619047619047619
2683,2661.0,0.47619047619047605
2684,2673.0,0.9761904761904762
2685,0.0,2.0
2686,0.0,2.0
2687,2528.0,0.3095238095238094
2688,2577.0,0.8095238095238095
2689,2535.0,0.23809523809523792
2690,0.0,2.0
2691,0.0,2.0
2692,0.0,2.0
2693,2663.0,0.9047619047619048
2694,2524.0,1.119047619047619
2695,2453.0,1.2857142857142858
2696,0.0,2.0
2697,2415.0,1.1666666666666667
2698,0.0,2.0
2699,2476.0,0.23809523809523792
2700,2376.0,0.47619047619047605
2701,0.0,2.0
2702,0.0,2.0
2703,2549.0,0.9047619047619048
2704,2517.0,1.1428571428571428
2706,0.0,2.0
2707,0.0,2.0
2708,0.0,2.0
2709,2556.0,0.5476190476190477
2710,0.0,2.0
2711,2773.0,0.33333333333333315
2712,2638.0,0.16666666666666652
2713,0.0,2.0
2714,2613.0,0.2142857142857142
2715,2579.0,0.2142857142857142
2716,0.0,2.0
2717,0.0,2.0
2718,2562.0,0.9523809523809523
2719,2428.0,0.9523809523809523
2720,2471.0,0.7619047619047619
2721,0.0,2.0
2723,0.0,2.0
2724,0.0,2.0
2725,0.0,2.0
2726,2444.0,0.23809523809523792
2727,2445.0,1.119047619047619
2728,0.0,2.0
2729,2774.0,1.523809523809524
2730,2678.0,0.23809523809523792
2731,2645.0,0.16666666666666652
2732,0.0,2.0
2733,2525.0,1.0714285714285714
2734,0.0,2.0
2735,2695.0,0.47619047619047605
2736,0.0,2.0
2737,2578.0,0.26190476190476186
2738,0.0,2.0
2739,2685.0,0.3095238095238094
2740,2649.0,0.19047619047619035
2741,2705.0,0.26190476190476186
2742,0.0,2.0
2743,0.0,2.0
2744,0.0,2.0
2745,0.0,2.0
2746,2507.0,0.4285714285714285
2747,2672.0,0.4999999999999999
2748,2775.0,0.19047619047619035
2749,0.0,2.0
2750,0.0,2.0
2751,0.0,2.0
2752,2516.0,0.38095238095238093
2753,0.0,2.0
2754,2730.0,0.23809523809523792
2755,0.0,2.0
2756,0.0,2.0
2757,0.0,2.0
2758,0.0,2.0
2759,2662.0,0.7857142857142857
2760,0.0,2.0
2761,2664.0,0.23809523809523792
2762,2532.0,0.40476190476190466
2763,0.0,2.0
2764,2783.0,0.738095238095238
2765,0.0,2.0
2766,0.0,2.0
2767,0.0,2.0
2768,0.0,2.0
2769,0.0,2.0
2770,0.0,2.0
2771,0.0,2.0
2773,0.0,2.0
2774,0.0,2.0
2775,0.0,2.0
2776,0.0,2.0
2777,2713.0,0.1428571428571428
2778,0.0,2.0
2779,0.0,2.0
2780,0.0,2.0
2781,0.0,2.0
2782,2509.0,0.04761904761904756
2783,0.0,2.0
2784,2561.0,0.23809523809523792
2785,0.0,2.0
2786,0.0,2.0
2787,0.0,2.0
2788,2706.0,0.3095238095238094
2789,2650.0,0.40476190476190466
2790,2669.0,1.0714285714285714
2791,0.0,2.0
2792,0.0,2.0
2793,0.0,2.0
2794,2636.0,1.1666666666666667
2795,2602.0,0.1428571428571428
2796,2618.0,0.23809523809523792
2797,2610.0,1.0714285714285714
2798,2553.0,0.5476190476190477
2799,0.0,2.0
2800,2539.0,0.6666666666666665
2801,0.0,2.0
2802,0.0,2.0
2803,0.0,2.0
2804,2698.0,0.26190476190476186
2805,0.0,2.0
2806,0.0,2.0
2807,2654.0,0.7857142857142857
2808,0.0,2.0
2809,0.0,2.0
2810,0.0,2.0
2811,2665.0,0.16666666666666652
2812,2612.0,0.0
2813,2835.0,0.19047619047619035
2814,0.0,2.0
2815,0.0,2.0
2816,2647.0,0.8571428571428571
2817,0.0,2.0
2818,0.0,2.0
2819,2675.0,1.1428571428571428
2820,2640.0,1.5714285714285716
2821,2599.0,0.38095238095238093
2822,2629.0,0.19047619047619035
2823,2542.0,0.33333333333333315
2824,0.0,2.0
2825,2712.0,0.4999999999999999
2826,0.0,2.0
2827,2554.0,1.6428571428571428
2828,0.0,2.0
2829,2772.0,0.6904761904761905
2830,0.0,2.0
2831,0.0,2.0
2832,2776.0,0.38095238095238093
2833,2836.0,0.7619047619047619
2834,0.0,2.0
2835,2596.0,0.16666666666666652
2836,0.0,2.0
2837,2742.0,0.26190476190476186
2838,2865.0,0.47619047619047605
2839,0.0,2.0
2840,2646.0,0.5952380952380951
2842,0.0,2.0
2843,0.0,2.0
2844,2573.0,0.4285714285714285
2845,2614.0,0.19047619047619035
2846,0.0,2.0
2847,0.0,2.0
2848,0.0,2.0
2849,0.0,2.0
2850,0.0,2.0
2851,0.0,2.0
2852,0.0,2.0
2853,2797.0,0.2857142857142856
2854,0.0,2.0
2855,0.0,2.0
2856,0.0,2.0
2857,0.0,2.0
2858,0.0,2.0
2859,2635.0,0.5714285714285714
2860,0.0,2.0
2862,0.0,2.0
2863,0.0,2.0
2864,2800.0,0.5714285714285714
2865,0.0,2.0
2866,2862.0,0.5714285714285714
2867,2721.0,0.19047619047619035
2868,0.0,2.0
2869,2719.0,0.23809523809523792
2870,0.0,2.0
2871,2717.0,0.23809523809523792
2872,0.0,2.0
2873,0.0,2.0
2874,0.0,2.0
2876,0.0,2.0
2877,0.0,2.0
2878,2749.0,0.45238095238095233
2879,2652.0,0.19047619047619035
2880,2690.0,0.5714285714285714
2881,2679.0,0.9761904761904762
2883,0.0,2.0
2884,0.0,2.0
2885,0.0,2.0
2886,2850.0,0.16666666666666652
2887,0.0,2.0
2888,2733.0,0.4999999999999999
2889,0.0,2.0
2890,0.0,2.0
2891,2799.0,0.38095238095238093
2892,0.0,2.0
2893,2860.0,0.11904761904761896
2894,0.0,2.0
2895,0.0,2.0
2896,0.0,2.0
2897,0.0,2.0
2898,0.0,2.0
2899,2677.0,0.8809523809523809
2900,2933.0,0.7619047619047619
2901,0.0,2.0
2902,2861.0,0.6666666666666665
2903,0.0,2.0
2904,0.0,2.0
2905,2737.0,0.3095238095238094
2906,2699.0,0.04761904761904756
2907,2605.0,0.2857142857142856
2908,0.0,2.0
2909,0.0,2.0
2910,2787.0,0.16666666666666652
2911,0.0,2.0
2912,2676.0,0.8095238095238095
2913,0.0,2.0
2914,0.0,2.0
2915,0.0,2.0
2916,0.0,2.0
2917,0.0,2.0
2918,2810.0,0.9761904761904762
2919,2736.0,0.6904761904761905
2920,2693.0,0.3095238095238094
2921,2725.0,0.45238095238095233
2922,0.0,2.0
2923,0.0,2.0
2924,0.0,2.0
2925,0.0,2.0
2926,0.0,2.0
2927,0.0,2.0
2928,2845.0,0.23809523809523792
2929,0.0,2.0
2930,2615.0,0.38095238095238093
2931,2902.0,0.023809523809523725
2932,2844.0,0.40476190476190466
2935,2777.0,0.09523809523809523
2936,0.0,2.0
2937,2831.0,0.33333333333333315
2938,0.0,2.0
2939,0.0,2.0
2940,2574.0,0.8809523809523809
2941,2917.0,0.09523809523809523
2942,2802.0,0.2142857142857142
2943,0.0,2.0
2944,0.0,2.0
2945,0.0,2.0
2946,0.0,2.0
2947,2901.0,0.5238095238095237
2948,0.0,2.0
2949,0.0,2.0
2950,0.0,2.0
2951,2750.0,0.7857142857142857
2952,2727.0,0.1428571428571428
2953,0.0,2.0
2954,0.0,2.0
2955,0.0,2.0
2956,0.0,2.0
2957,0.0,2.0
2958,0.0,2.0
2959,0.0,2.0
2960,2633.0,0.9047619047619048
2961,0.0,2.0
2962,0.0,2.0
2963,2812.0,0.40476190476190466
2964,2838.0,0.5238095238095237
2965,2780.0,0.1428571428571428
2966,0.0,2.0
2967,0.0,2.0
2968,0.0,2.0
2969,0.0,2.0
2970,0.0,2.0
2971,0.0,2.0
2972,2815.0,0.5476190476190477
2973,2958.0,0.3095238095238094
2974,2887.0,0.38095238095238093
2975,2746.0,0.5238095238095237
2976,2764.0,0.23809523809523792
2977,0.0,2.0
2978,2885.0,0.23809523809523792
2979,2853.0,1.4761904761904763
2980,0.0,2.0
2981,0.0,2.0
2982,0.0,2.0
2983,0.0,2.0
2984,0.0,2.0
2985,0.0,2.0
2986,0.0,2.0
2987,0.0,2.0
2988,0.0,2.0
2989,2863.0,0.09523809523809523
2990,0.0,2.0
2991,0.0,2.0
2992,0.0,2.0
2993,0.0,2.0
2994,0.0,2.0
2995,0.0,2.0
2996,0.0,2.0
2997,2704.0,0.9285714285714286
2998,0.0,2.0
2999,0.0,2.0
3000,0.0,2.0
3001,0.0,2.0
3002,0.0,2.0
3003,0.0,2.0
3004,0.0,2.0
3006,0.0,2.0
3007,2724.0,0.38095238095238093
3008,0.0,2.0
3009,13705.0,1.2619047619047619
3010,0.0,2.0
3011,0.0,2.0
3012,2945.0,0.9047619047619048
3013,2925.0,0.2142857142857142
3014,0.0,2.0
3015,0.0,2.0
3016,0.0,2.0
3017,0.0,2.0
3018,2892.0,0.4999999999999999
3019,2811.0,0.7857142857142857
3020,0.0,2.0
3021,2813.0,0.11904761904761896
3022,0.0,2.0
3023,0.0,2.0
3024,0.0,2.0
3025,0.0,2.0
3026,0.0,2.0
3027,0.0,2.0
3028,0.0,2.0
3029,2795.0,0.6666666666666665
3030,0.0,2.0
3031,0.0,2.0
3032,0.0,2.0
3033,0.0,2.0
3034,0.0,2.0
3035,0.0,2.0
3036,0.0,2.0
3037,0.0,2.0
3038,0.0,2.0
3039,0.0,2.0
3040,0.0,2.0
3041,0.0,2.0
3042,0.0,2.0
3043,0.0,2.0
3044,2935.0,0.23809523809523792
3045,0.0,2.0
3046,0.0,2.0
3047,0.0,2.0
3048,2904.0,0.6904761904761905
3049,2946.0,0.16666666666666652
3050,0.0,2.0
3051,2771.0,0.40476190476190466
3052,2950.0,0.38095238095238093
3053,2971.0,0.26190476190476186
3054,0.0,2.0
3055,2806.0,0.6428571428571428
3056,0.0,2.0
3057,2784.0,0.6666666666666665
3058,0.0,2.0
3059,0.0,2.0
3060,3014.0,0.8571428571428571
3061,2934.0,0.6904761904761905
3062,0.0,2.0
3063,2751.0,0.38095238095238093
3064,2996.0,0.47619047619047605
3065,0.0,2.0
3066,0.0,2.0
3067,2872.0,0.07142857142857129
3068,0.0,2.0
3069,0.0,2.0
3070,2765.0,0.11904761904761896
3071,2985.0,0.023809523809523725
3072,2977.0,0.9523809523809523
3073,0.0,2.0
3074,0.0,2.0
3076,0.0,2.0
3077,2988.0,0.26190476190476186
3078,3026.0,0.16666666666666652
3079,0.0,2.0
3080,2954.0,0.6428571428571428
3081,2937.0,0.6428571428571428
3082,2805.0,0.04761904761904756
3083,0.0,2.0
3084,0.0,2.0
3085,2948.0,0.2857142857142856
3086,2739.0,1.119047619047619
3087,0.0,2.0
3089,2756.0,0.16666666666666652
3090,0.0,2.0
3091,0.0,2.0
3092,2891.0,0.40476190476190466
3093,0.0,2.0
3094,0.0,2.0
3095,2896.0,0.45238095238095233
3096,2808.0,0.38095238095238093
3097,0.0,2.0
3098,0.0,2.0
3099,3002.0,0.3095238095238094
3100,2903.0,0.26190476190476186
3101,2976.0,0.738095238095238
3102,3027.0,1.3095238095238095
3103,0.0,2.0
3104,0.0,2.0
3105,2864.0,0.11904761904761896
3106,0.0,2.0
3107,0.0,2.0
3108,0.0,2.0
3109,3025.0,0.6904761904761905
3110,3010.0,0.2857142857142856
3111,2854.0,0.16666666666666652
3112,2919.0,0.6666666666666665
3113,0.0,2.0
3114,2960.0,0.26190476190476186
3115,2911.0,0.2142857142857142
3116,2871.0,0.19047619047619035
3117,2827.0,0.5714285714285714
3118,2868.0,0.8571428571428571
3119,2701.0,0.19047619047619035
3120,2858.0,0.33333333333333315
3121,0.0,2.0
3123,3088.0,0.8571428571428571
3124,0.0,2.0
3125,0.0,2.0
3126,2930.0,0.5238095238095237
3127,3072.0,0.38095238095238093
3128,0.0,2.0
3129,2876.0,0.47619047619047605
3130,0.0,2.0
3131,2747.0,0.5238095238095237
3133,0.0,2.0
3134,2817.0,0.45238095238095233
3135,0.0,2.0
3136,0.0,2.0
3137,0.0,2.0
3138,2820.0,0.04761904761904756
3139,0.0,2.0
3140,2781.0,0.3571428571428571
3141,2819.0,1.2619047619047619
3142,0.0,2.0
3143,0.0,2.0
3144,0.0,2.0
3145,0.0,2.0
3146,0.0,2.0
3147,0.0,2.0
3148,0.0,2.0
3149,0.0,2.0
3150,0.0,2.0
3151,2913.0,0.47619047619047605
3152,0.0,2.0
3153,2920.0,0.26190476190476186
3154,3031.0,1.1428571428571428
3155,2972.0,0.8333333333333333
3156,0.0,2.0
3157,0.0,2.0
3158,0.0,2.0
3159,2882.0,0.47619047619047605
3160,0.0,2.0
3161,2766.0,0.6428571428571428
3162,0.0,2.0
3163,0.0,2.0
3164,2963.0,0.7142857142857142
3165,2947.0,0.16666666666666652
3166,2748.0,1.3333333333333335
3167,3137.0,0.09523809523809523
3168,3057.0,0.04761904761904756
3169,0.0,2.0
3170,0.0,2.0
3171,0.0,2.0
3172,2938.0,0.23809523809523792
3173,0.0,2.0
3174,0.0,2.0
3175,0.0,2.0
3176,0.0,2.0
3177,0.0,2.0
3178,3161.0,0.33333333333333315
3179,0.0,2.0
3180,0.0,2.0
3181,0.0,2.0
3183,2848.0,0.5238095238095237
3184,0.0,2.0
3185,0.0,2.0
3186,2899.0,0.2142857142857142
3187,0.0,2.0
3188,0.0,2.0
3189,0.0,2.0
3190,0.0,2.0
3191,0.0,2.0
3192,2873.0,0.8809523809523809
3193,0.0,2.0
3194,3158.0,0.11904761904761896
3195,3083.0,0.16666666666666652
3196,0.0,2.0
3197,0.0,2.0
3198,0.0,2.0
3199,0.0,2.0
3200,0.0,2.0
3201,2942.0,1.0
3202,0.0,2.0
3203,0.0,2.0
3204,3157.0,0.47619047619047605
3205,0.0,2.0
3206,2951.0,0.8571428571428571
3207,0.0,2.0
3208,0.0,2.0
3209,0.0,2.0
3210,2990.0,0.9285714285714286
3211,0.0,2.0
3212,2983.0,0.2857142857142856
3213,3037.0,0.33333333333333315
3214,2956.0,1.1904761904761905
3215,0.0,2.0
3216,0.0,2.0
3217,0.0,2.0
3218,2829.0,0.23809523809523792
3219,0.0,2.0
3220,0.0,2.0
3221,2849.0,1.119047619047619
3222,0.0,2.0
3223,0.0,2.0
3224,2964.0,0.2857142857142856
3225,0.0,2.0
3226,2912.0,1.5714285714285716
3227,3104.0,0.4285714285714285
3228,3018.0,0.33333333333333315
3229,0.0,2.0
3230,3067.0,0.5714285714285714
3231,3008.0,0.1428571428571428
3232,2952.0,0.11904761904761896
3233,3108.0,0.4285714285714285
3234,0.0,2.0
3235,0.0,2.0
3236,0.0,2.0
3237,0.0,2.0
3238,0.0,2.0
3239,2883.0,0.8571428571428571
3240,0.0,2.0
3241,0.0,2.0
3242,0.0,2.0
3243,0.0,2.0
3244,0.0,2.0
3245,2900.0,0.38095238095238093
3246,3156.0,0.4999999999999999
3247,0.0,2.0
3248,0.0,2.0
3249,0.0,2.0
3250,0.0,2.0
3251,0.0,2.0
3252,0.0,2.0
3253,3150.0,0.6428571428571428
3254,3012.0,0.3571428571428571
3255,0.0,2.0
3256,2922.0,0.023809523809523725
3257,3168.0,0.5952380952380951
3258,3049.0,0.5952380952380951
3259,3050.0,0.6666666666666665
3260,0.0,2.0
3261,2965.0,1.523809523809524
3262,2931.0,0.738095238095238
3263,0.0,2.0
3264,3123.0,0.3571428571428571
3265,3054.0,0.40476190476190466
3266,3113.0,0.5714285714285714
3267,2980.0,0.4285714285714285
3268,2998.0,0.6904761904761905
3269,2975.0,0.3095238095238094
3270,0.0,2.0
3271,0.0,2.0
3272,0.0,2.0
3273,3124.0,0.09523809523809523
3275,2968.0,0.07142857142857129
3276,3101.0,0.09523809523809523
3277,0.0,2.0
3278,0.0,2.0
3279,3120.0,0.8809523809523809
3281,0.0,2.0
3282,0.0,2.0
3283,0.0,2.0
3284,0.0,2.0
3285,0.0,2.0
3286,3019.0,0.7142857142857142
3287,0.0,2.0
3288,0.0,2.0
3289,0.0,2.0
3290,3208.0,0.38095238095238093
3291,0.0,2.0
3292,0.0,2.0
3293,0.0,2.0
3294,2973.0,0.3571428571428571
3295,0.0,2.0
3296,0.0,2.0
3297,3258.0,0.38095238095238093
3298,3074.0,0.738095238095238
3299,0.0,2.0
3300,0.0,2.0
3301,0.0,2.0
3302,0.0,2.0
3303,0.0,2.0
3304,0.0,2.0
3305,3180.0,0.23809523809523792
3306,0.0,2.0
3307,3084.0,1.2142857142857144
3308,3051.0,0.33333333333333315
3309,3044.0,1.3571428571428572
3311,0.0,2.0
3312,3203.0,0.6666666666666665
3313,0.0,2.0
3315,0.0,2.0
3316,2927.0,0.5952380952380951
3317,0.0,2.0
3318,0.0,2.0
3319,3181.0,0.26190476190476186
3320,0.0,2.0
3321,0.0,2.0
3322,3135.0,0.3571428571428571
3323,3058.0,0.26190476190476186
3324,0.0,2.0
3325,3138.0,1.2380952380952381
3326,3043.0,0.5952380952380951
3327,3046.0,0.47619047619047605
3328,3209.0,0.07142857142857129
3329,0.0,2.0
3330,0.0,2.0
3331,0.0,2.0
3332,0.0,2.0
3333,0.0,2.0
3334,0.0,2.0
3335,3128.0,0.7619047619047619
3336,3188.0,0.16666666666666652
3337,3096.0,0.8333333333333333
3338,0.0,2.0
3339,3061.0,0.2142857142857142
3340,0.0,2.0
3341,0.0,2.0
3342,0.0,2.0
3343,3326.0,0.2857142857142856
3344,3095.0,0.16666666666666652
3345,0.0,2.0
3346,3070.0,0.6428571428571428
3347,0.0,2.0
3348,0.0,2.0
3349,3146.0,0.9285714285714286
3350,0.0,2.0
3351,3094.0,0.3095238095238094
3352,0.0,2.0
3353,0.0,2.0
3354,0.0,2.0
3355,3127.0,0.6428571428571428
3356,0.0,2.0
3357,3093.0,0.9761904761904762
3358,3141.0,0.2857142857142856
3359,0.0,2.0
3360,2957.0,0.5238095238095237
3362,0.0,2.0
3363,3133.0,0.4999999999999999
3364,3217.0,0.47619047619047605
3365,0.0,2.0
3367,3140.0,0.26190476190476186
3368,0.0,2.0
3369,2953.0,0.19047619047619035
3370,0.0,2.0
3371,0.0,2.0
3372,3105.0,0.40476190476190466
3373,3069.0,0.40476190476190466
3374,0.0,2.0
3375,3325.0,0.9523809523809523
3376,3162.0,0.45238095238095233
3377,0.0,2.0
3378,0.0,2.0
3379,0.0,2.0
3380,3174.0,0.19047619047619035
3381,0.0,2.0
3382,0.0,2.0
3383,0.0,2.0
3385,3269.0,0.19047619047619035
3386,0.0,2.0
3387,0.0,2.0
3388,0.0,2.0
3389,0.0,2.0
3391,0.0,2.0
3392,0.0,2.0
3393,0.0,2.0
3394,0.0,2.0
3395,0.0,2.0
3396,2909.0,0.5714285714285714
3397,0.0,2.0
3398,0.0,2.0
3399,0.0,2.0
3400,0.0,2.0
3401,3065.0,0.6904761904761905
3402,3370.0,0.6666666666666665
3403,3235.0,1.0714285714285714
3404,0.0,2.0
3405,0.0,2.0
3406,3077.0,0.40476190476190466
3407,0.0,2.0
3408,0.0,2.0
3409,0.0,2.0
3410,3251.0,0.2857142857142856
3411,2940.0,0.11904761904761896
3412,0.0,2.0
3413,3294.0,0.6666666666666665
3414,0.0,2.0
3415,0.0,2.0
3416,0.0,2.0
3417,3060.0,0.1428571428571428
3418,3275.0,0.9047619047619048
3419,3213.0,0.3095238095238094
3420,3033.0,0.26190476190476186
3421,0.0,2.0
3422,0.0,2.0
3423,3335.0,0.5714285714285714
3424,0.0,2.0
3425,0.0,2.0
3426,3195.0,0.8095238095238095
3427,0.0,2.0
3428,3205.0,0.23809523809523792
3429,0.0,2.0
3430,0.0,2.0
3431,0.0,2.0
3432,0.0,2.0
3433,3206.0,0.33333333333333315
3434,0.0,2.0
3435,3154.0,0.4999999999999999
3436,2994.0,0.07142857142857129
3437,3063.0,0.2142857142857142
3438,0.0,2.0
3439,3263.0,0.33333333333333315
3440,0.0,2.0
3441,3163.0,0.4285714285714285
3442,3034.0,0.5238095238095237
3443,0.0,2.0
3444,3079.0,0.09523809523809523
3445,3366.0,0.4285714285714285
3446,3293.0,0.47619047619047605
3447,0.0,2.0
3448,3211.0,0.2857142857142856
3449,3212.0,0.1428571428571428
3450,0.0,2.0
3451,3143.0,0.2142857142857142
3452,3109.0,0.45238095238095233
3453,3164.0,0.45238095238095233
3455,3119.0,0.8809523809523809
3456,3276.0,0.3571428571428571
3457,0.0,2.0
3458,0.0,2.0
3459,3189.0,0.16666666666666652
3460,3170.0,0.1428571428571428
3461,3107.0,0.07142857142857129
3462,3291.0,0.9047619047619048
3463,0.0,2.0
3464,3236.0,1.0952380952380953
3465,0.0,2.0
3466,3098.0,1.0476190476190477
3467,3099.0,1.3333333333333335
3468,3100.0,0.23809523809523792
3469,0.0,2.0
3470,3250.0,0.9761904761904762
3471,0.0,2.0
3472,0.0,2.0
3473,3223.0,0.1428571428571428
3474,0.0,2.0
3475,3040.0,0.11904761904761896
3476,0.0,2.0
3477,0.0,2.0
3478,3080.0,0.5476190476190477
3479,2981.0,0.47619047619047605
3480,3322.0,0.09523809523809523
3481,0.0,2.0
3482,3259.0,0.5476190476190477
3483,0.0,2.0
3484,3169.0,0.1428571428571428
3485,3261.0,0.04761904761904756
3486,0.0,2.0
3487,3136.0,0.4999999999999999
3488,0.0,2.0
3489,3288.0,0.2857142857142856
3490,3238.0,0.2857142857142856
3491,0.0,2.0
3492,3144.0,0.11904761904761896
3493,0.0,2.0
3494,0.0,2.0
3495,3270.0,1.119047619047619
3496,0.0,2.0
3497,0.0,2.0
3498,0.0,2.0
3499,0.0,2.0
3500,0.0,2.0
3501,0.0,2.0
3502,3228.0,0.16666666666666652
3503,3262.0,0.6428571428571428
3504,0.0,2.0
3505,3374.0,0.7857142857142857
3506,0.0,2.0
3507,0.0,2.0
3508,3313.0,0.619047619047619
3509,3192.0,0.619047619047619
3510,3281.0,0.7619047619047619
3511,0.0,2.0
3512,3147.0,0.23809523809523792
3513,0.0,2.0
3514,0.0,2.0
3516,0.0,2.0
3517,0.0,2.0
3518,0.0,2.0
3519,0.0,2.0
3520,3360.0,0.09523809523809523
3521,3336.0,0.8571428571428571
3522,0.0,2.0
3523,0.0,2.0
3524,0.0,2.0
3525,0.0,2.0
3526,0.0,2.0
3527,3247.0,0.3571428571428571
3528,0.0,2.0
3529,0.0,2.0
3530,0.0,2.0
3531,0.0,2.0
3532,0.0,2.0
3533,0.0,2.0
3534,0.0,2.0
3535,3178.0,0.5476190476190477
3536,3287.0,0.33333333333333315
3537,0.0,2.0
3538,3176.0,0.45238095238095233
3539,0.0,2.0
3540,0.0,2.0
3541,3106.0,0.1428571428571428
3542,3423.0,0.07142857142857129
3543,0.0,2.0
3544,3193.0,0.738095238095238
3545,0.0,2.0
3546,0.0,2.0
3547,3403.0,0.19047619047619035
3548,0.0,2.0
3549,0.0,2.0
3550,0.0,2.0
3551,3253.0,0.5952380952380951
3552,0.0,2.0
3553,0.0,2.0
3554,0.0,2.0
3555,3200.0,0.2857142857142856
3556,0.0,2.0
3557,0.0,2.0
3558,3296.0,0.619047619047619
3559,0.0,2.0
3560,0.0,2.0
3561,3230.0,0.11904761904761896
3562,0.0,2.0
3563,0.0,2.0
3564,3344.0,1.1428571428571428
3565,0.0,2.0
3566,0.0,2.0
3567,3391.0,0.9047619047619048
3568,0.0,2.0
3570,3338.0,0.3571428571428571
3571,0.0,2.0
3572,3201.0,0.5714285714285714
3573,0.0,2.0
3574,0.0,2.0
3575,0.0,2.0
3576,0.0,2.0
3577,0.0,2.0
3578,0.0,2.0
3579,0.0,2.0
3580,0.0,2.0
3581,0.0,2.0
3582,0.0,2.0
3583,0.0,2.0
3584,3266.0,0.5238095238095237
3585,0.0,2.0
3586,0.0,2.0
3587,0.0,2.0
3588,3330.0,0.2142857142857142
3589,3383.0,0.26190476190476186
3590,0.0,2.0
3591,3255.0,0.45238095238095233
3592,0.0,2.0
3593,3402.0,0.8571428571428571
3594,0.0,2.0
3595,0.0,2.0
3596,3320.0,0.5952380952380951
3597,3380.0,1.0476190476190477
3598,0.0,2.0
3599,0.0,2.0
3600,3339.0,0.38095238095238093
3601,0.0,2.0
3602,3194.0,0.47619047619047605
3603,0.0,2.0
3604,3486.0,0.16666666666666652
3605,0.0,2.0
3606,3460.0,0.19047619047619035
3607,3362.0,1.2619047619047619
3608,0.0,2.0
3609,0.0,2.0
3610,3443.0,0.40476190476190466
3611,0.0,2.0
3612,0.0,2.0
3613,0.0,2.0
3614,0.0,2.0
3615,3487.0,0.16666666666666652
3616,3449.0,0.26190476190476186
3617,3496.0,0.16666666666666652
3618,3414.0,0.1428571428571428
3619,3346.0,0.3095238095238094
3620,0.0,2.0
3621,0.0,2.0
3622,0.0,2.0
3623,0.0,2.0
3624,3340.0,0.38095238095238093
3625,3254.0,0.2142857142857142
3626,3171.0,0.2857142857142856
3627,0.0,2.0
3628,3345.0,0.11904761904761896
3629,0.0,2.0
3630,0.0,2.0
3631,0.0,2.0
3632,3341.0,0.45238095238095233
3633,3359.0,0.3571428571428571
3634,0.0,2.0
3636,3448.0,0.04761904761904756
3637,3332.0,0.9285714285714286
3638,3155.0,0.11904761904761896
3639,0.0,2.0
3640,0.0,2.0
3641,3381.0,1.6428571428571428
3642,3400.0,0.19047619047619035
3643,3363.0,0.619047619047619
3644,0.0,2.0
3645,0.0,2.0
3646,0.0,2.0
3647,0.0,2.0
3648,0.0,2.0
3649,3520.0,0.8571428571428571
3650,3461.0,0.9523809523809523
3651,3406.0,0.33333333333333315
3652,0.0,2.0
3653,3331.0,0.23809523809523792
3654,0.0,2.0
3655,0.0,2.0
3656,0.0,2.0
3657,0.0,2.0
3658,3445.0,0.5714285714285714
3659,3248.0,0.33333333333333315
3660,0.0,2.0
3661,0.0,2.0
3662,0.0,2.0
3663,3490.0,0.9523809523809523
3664,0.0,2.0
3666,0.0,2.0
3667,3347.0,0.2142857142857142
3668,3387.0,0.4285714285714285
3669,0.0,2.0
3670,0.0,2.0
3671,3290.0,0.3095238095238094
3672,3324.0,0.7619047619047619
3673,0.0,2.0
3674,3413.0,0.5714285714285714
3675,0.0,2.0
3676,0.0,2.0
3677,0.0,2.0
3678,3470.0,0.23809523809523792
3679,3508.0,0.19047619047619035
3680,3390.0,0.40476190476190466
3681,3352.0,0.7142857142857142
3682,0.0,2.0
3683,0.0,2.0
3684,0.0,2.0
3685,3369.0,0.3571428571428571
3686,3229.0,0.7619047619047619
3687,0.0,2.0
3688,0.0,2.0
3689,3525.0,0.47619047619047605
3690,0.0,2.0
3691,0.0,2.0
3692,3451.0,1.7142857142857144
3693,0.0,2.0
3694,0.0,2.0
3695,0.0,2.0
3696,3368.0,0.8571428571428571
3697,0.0,2.0
3698,3611.0,0.23809523809523792
3699,0.0,2.0
3700,0.0,2.0
3701,0.0,2.0
3702,3278.0,0.4285714285714285
3703,0.0,2.0
3704,3571.0,0.33333333333333315
3705,3532.0,1.1666666666666667
3706,3404.0,0.45238095238095233
3707,3433.0,0.9285714285714286
3708,3401.0,0.1428571428571428
3709,0.0,2.0
3710,3456.0,0.2142857142857142
3711,0.0,2.0
3712,3426.0,0.2142857142857142
3713,3437.0,0.09523809523809523
3714,3407.0,0.7619047619047619
3715,0.0,2.0
3716,3434.0,0.26190476190476186
3717,0.0,2.0
3718,0.0,2.0
3719,3530.0,0.2857142857142856
3720,0.0,2.0
3721,0.0,2.0
3722,3504.0,0.26190476190476186
3723,0.0,2.0
3724,3311.0,0.9523809523809523
3725,0.0,2.0
3726,3585.0,0.04761904761904756
3727,3489.0,0.8571428571428571
3728,3501.0,0.4285714285714285
3729,0.0,2.0
3730,3492.0,0.38095238095238093
3731,3431.0,0.5238095238095237
3732,3464.0,0.23809523809523792
3733,3435.0,0.2857142857142856
3734,0.0,2.0
3735,3249.0,0.26190476190476186
3736,0.0,2.0
3737,0.0,2.0
3738,0.0,2.0
3739,0.0,2.0
3740,0.0,2.0
3741,3491.0,0.4999999999999999
3742,3572.0,0.1428571428571428
3743,0.0,2.0
3744,0.0,2.0
3745,3348.0,0.11904761904761896
3746,0.0,2.0
3747,3256.0,0.33333333333333315
3748,3466.0,0.5714285714285714
3749,0.0,2.0
3750,0.0,2.0
3751,0.0,2.0
3752,3334.0,0.11904761904761896
3753,0.0,2.0
3754,3533.0,0.4285714285714285
3755,0.0,2.0
3756,0.0,2.0
3757,3524.0,0.23809523809523792
3759,0.0,2.0
3760,0.0,2.0
3761,0.0,2.0
3762,0.0,2.0
3763,0.0,2.0
3764,0.0,2.0
3765,3479.0,0.4285714285714285
3766,0.0,2.0
3767,0.0,2.0
3768,0.0,2.0
3769,0.0,2.0
3770,3323.0,0.3571428571428571
3771,0.0,2.0
3772,0.0,2.0
3773,3653.0,0.5476190476190477
3774,0.0,2.0
3775,0.0,2.0
3776,3393.0,0.19047619047619035
3777,0.0,2.0
3778,0.0,2.0
3779,0.0,2.0
3780,3628.0,0.09523809523809523
3781,3534.0,0.26190476190476186
3782,0.0,2.0
3783,3543.0,0.1428571428571428
3784,0.0,2.0
3785,0.0,2.0
3786,0.0,2.0
3787,3416.0,0.6904761904761905
3788,0.0,2.0
3789,3365.0,0.26190476190476186
3790,3588.0,0.38095238095238093
3791,3471.0,0.23809523809523792
3792,3484.0,0.2142857142857142
3793,3497.0,0.04761904761904756
3794,0.0,2.0
3795,0.0,2.0
3796,0.0,2.0
3797,0.0,2.0
3798,3441.0,0.23809523809523792
3799,3408.0,0.16666666666666652
3800,3453.0,0.33333333333333315
3801,0.0,2.0
3802,0.0,2.0
3803,0.0,2.0
3804,3446.0,0.40476190476190466
3805,3603.0,0.04761904761904756
3806,0.0,2.0
3807,0.0,2.0
3808,0.0,2.0
3809,0.0,2.0
3810,0.0,2.0
3811,0.0,2.0
3812,0.0,2.0
3813,3579.0,0.7857142857142857
3814,0.0,2.0
3815,0.0,2.0
3816,3473.0,0.7857142857142857
3817,3452.0,0.1428571428571428
3818,0.0,2.0
3819,0.0,2.0
3820,0.0,2.0
3821,0.0,2.0
3822,3559.0,0.11904761904761896
3823,0.0,2.0
3824,0.0,2.0
3825,0.0,2.0
3826,0.0,2.0
3827,3622.0,0.5714285714285714
3828,0.0,2.0
3829,0.0,2.0
3830,0.0,2.0
3831,0.0,2.0
3832,3639.0,0.45238095238095233
3833,3384.0,0.9761904761904762
3834,0.0,2.0
3835,0.0,2.0
3836,0.0,2.0
3837,0.0,2.0
3838,3505.0,0.4999999999999999
3839,3527.0,0.2857142857142856
3840,0.0,2.0
3841,0.0,2.0
3842,0.0,2.0
3843,0.0,2.0
3844,3560.0,0.23809523809523792
3846,3658.0,0.6666666666666665
3847,3566.0,0.47619047619047605
3848,3506.0,0.4285714285714285
3849,0.0,2.0
3850,0.0,2.0
3851,0.0,2.0
3852,0.0,2.0
3853,0.0,2.0
3854,0.0,2.0
3855,3552.0,0.2857142857142856
3856,3514.0,0.16666666666666652
3857,0.0,2.0
3858,0.0,2.0
3859,0.0,2.0
3860,0.0,2.0
3862,0.0,2.0
3863,3556.0,0.619047619047619
3864,0.0,2.0
3865,0.0,2.0
3866,0.0,2.0
3867,3630.0,0.6904761904761905
3868,3563.0,0.19047619047619035
3869,3643.0,0.4285714285714285
3870,3538.0,0.2857142857142856
3871,0.0,2.0
3872,0.0,2.0
3873,3609.0,0.45238095238095233
3874,0.0,2.0
3875,3598.0,1.119047619047619
3876,3587.0,0.45238095238095233
3877,0.0,2.0
3878,3521.0,0.47619047619047605
3879,3564.0,0.9047619047619048
3880,3469.0,0.5714285714285714
3881,0.0,2.0
3882,0.0,2.0
3883,0.0,2.0
3884,3399.0,0.5476190476190477
3885,3646.0,0.3095238095238094
3886,0.0,2.0
3887,0.0,2.0
3888,0.0,2.0
3889,3523.0,0.3095238095238094
3890,3531.0,0.40476190476190466
3891,0.0,2.0
3892,0.0,2.0
3893,3693.0,0.33333333333333315
3894,0.0,2.0
3895,0.0,2.0
3896,3660.0,0.5952380952380951
3897,0.0,2.0
3898,3475.0,0.8333333333333333
3899,0.0,2.0
3900,0.0,2.0
3901,0.0,2.0
3902,0.0,2.0
3903,3687.0,0.9047619047619048
3904,0.0,2.0
3905,0.0,2.0
3906,3581.0,1.1428571428571428
3907,3589.0,0.26190476190476186
3908,3485.0,0.19047619047619035
3909,3539.0,0.19047619047619035
3910,3654.0,0.2857142857142856
3911,0.0,2.0
3912,3510.0,0.33333333333333315
3913,3652.0,0.6904761904761905
3914,3690.0,0.23809523809523792
3915,0.0,2.0
3916,0.0,2.0
3918,3657.0,0.07142857142857129
3919,0.0,2.0
3920,3648.0,0.40476190476190466
3921,0.0,2.0
3922,3516.0,0.9047619047619048
3923,0.0,2.0
3924,3694.0,0.5714285714285714
3925,3615.0,1.0714285714285714
3926,0.0,2.0
3927,0.0,2.0
3928,3447.0,0.023809523809523725
3929,0.0,2.0
3931,0.0,2.0
3932,0.0,2.0
3933,3591.0,0.7857142857142857
3935,3573.0,0.619047619047619
3936,3517.0,0.16666666666666652
3937,0.0,2.0
3938,0.0,2.0
3939,0.0,2.0
3940,0.0,2.0
3941,3650.0,0.33333333333333315
3942,0.0,2.0
3943,0.0,2.0
3944,0.0,2.0
3945,0.0,2.0
3946,0.0,2.0
3947,0.0,2.0
3948,3651.0,0.6904761904761905
3949,0.0,2.0
3950,3583.0,1.0476190476190477
3951,0.0,2.0
3952,3480.0,0.9047619047619048
3953,3481.0,0.11904761904761896
3954,3796.0,1.2380952380952381
3955,0.0,2.0
3956,3633.0,0.40476190476190466
3957,0.0,2.0
3958,3675.0,0.6904761904761905
3959,0.0,2.0
3960,3669.0,0.7619047619047619
3961,3674.0,0.6666666666666665
3962,0.0,2.0
3963,3557.0,0.19047619047619035
3964,0.0,2.0
3965,3751.0,0.4999999999999999
3966,0.0,2.0
3967,0.0,2.0
3968,0.0,2.0
3969,0.0,2.0
3970,3601.0,0.16666666666666652
3971,3502.0,1.5714285714285716
3972,0.0,2.0
3973,3512.0,0.3095238095238094
3974,0.0,2.0
3975,3709.0,0.23809523809523792
3976,0.0,2.0
3977,3679.0,0.9285714285714286
3978,3568.0,1.0
3979,3731.0,0.23809523809523792
3980,0.0,2.0
3981,0.0,2.0
3982,0.0,2.0
3983,0.0,2.0
3984,0.0,2.0
3985,0.0,2.0
3986,3744.0,1.2380952380952381
3987,3631.0,0.04761904761904756
3988,3661.0,0.5476190476190477
3989,3642.0,0.11904761904761896
3990,0.0,2.0
3991,3667.0,0.7619047619047619
3992,0.0,2.0
3993,0.0,2.0
3994,3758.0,0.4999999999999999
3995,3640.0,0.1428571428571428
3996,3786.0,0.4999999999999999
3997,0.0,2.0
3998,3594.0,0.2857142857142856
3999,3607.0,0.45238095238095233
4000,0.0,2.0
4001,0.0,2.0
4002,0.0,2.0
4003,3753.0,0.2857142857142856
4004,3618.0,0.45238095238095233
4005,3625.0,0.4285714285714285
4006,0.0,2.0
4007,0.0,2.0
4008,3788.0,0.2857142857142856
4009,3809.0,0.16666666666666652
4010,3705.0,0.8095238095238095
4011,0.0,2.0
4012,0.0,2.0
4013,3610.0,1.2857142857142858
4014,0.0,2.0
4015,0.0,2.0
4016,0.0,2.0
4017,3662.0,0.738095238095238
4019,0.0,2.0
4020,0.0,2.0
4021,3696.0,0.33333333333333315
4022,3626.0,0.26190476190476186
4023,0.0,2.0
4024,3766.0,0.6904761904761905
4026,0.0,2.0
4028,0.0,2.0
4029,0.0,2.0
4030,0.0,2.0
4031,3590.0,0.09523809523809523
4032,0.0,2.0
4033,0.0,2.0
4034,3797.0,0.9285714285714286
4035,3803.0,0.4285714285714285
4036,3798.0,0.33333333333333315
4037,0.0,2.0
4038,3825.0,0.26190476190476186
4039,0.0,2.0
4040,3691.0,0.3095238095238094
4041,0.0,2.0
4042,0.0,2.0
4043,0.0,2.0
4044,3785.0,0.3095238095238094
4045,3663.0,0.3571428571428571
4046,3600.0,0.40476190476190466
4047,0.0,2.0
4048,0.0,2.0
4049,0.0,2.0
4050,3719.0,1.0714285714285714
4051,0.0,2.0
4052,3700.0,1.0238095238095237
4053,0.0,2.0
4054,3765.0,0.3571428571428571
4055,3779.0,0.19047619047619035
4056,3720.0,0.5238095238095237
4057,0.0,2.0
4058,0.0,2.0
4059,0.0,2.0
4060,0.0,2.0
4061,3728.0,1.0476190476190477
4062,0.0,2.0
4063,3745.0,0.4999999999999999
4064,0.0,2.0
4065,3843.0,0.1428571428571428
4066,0.0,2.0
4067,0.0,2.0
4068,0.0,2.0
4069,3757.0,1.0714285714285714
4070,3721.0,0.33333333333333315
4071,3623.0,0.5714285714285714
4072,0.0,2.0
4073,0.0,2.0
4074,0.0,2.0
4075,3739.0,1.119047619047619
4076,3707.0,0.19047619047619035
4077,3795.0,0.9523809523809523
4078,0.0,2.0
4079,0.0,2.0
4080,0.0,2.0
4081,3858.0,1.1428571428571428
4082,3698.0,0.5238095238095237
4083,3702.0,0.38095238095238093
4084,3733.0,1.0
4085,3842.0,0.2857142857142856
4086,3862.0,0.16666666666666652
4087,0.0,2.0
4088,3767.0,0.2142857142857142
4089,3715.0,0.8095238095238095
4090,0.0,2.0
4091,3627.0,0.26190476190476186
4093,3823.0,0.19047619047619035
4094,3876.0,0.8809523809523809
4095,3665.0,0.738095238095238
4096,0.0,2.0
4097,0.0,2.0
4098,3891.0,0.04761904761904756
4099,0.0,2.0
4100,3844.0,0.4999999999999999
4101,3805.0,0.04761904761904756
4102,0.0,2.0
4103,0.0,2.0
4104,0.0,2.0
4105,0.0,2.0
4106,0.0,2.0
4107,3875.0,0.09523809523809523
4108,0.0,2.0
4109,0.0,2.0
4110,0.0,2.0
4112,0.0,2.0
4113,0.0,2.0
4114,3780.0,0.3095238095238094
4115,0.0,2.0
4116,0.0,2.0
4117,0.0,2.0
4118,0.0,2.0
4119,0.0,2.0
4120,0.0,2.0
4121,0.0,2.0
4122,0.0,2.0
4123,3714.0,0.3095238095238094
4124,0.0,2.0
4125,3941.0,0.33333333333333315
4126,0.0,2.0
4127,3799.0,1.4761904761904763
4128,0.0,2.0
4129,3761.0,0.40476190476190466
4130,3837.0,0.45238095238095233
4131,0.0,2.0
4132,3790.0,1.0714285714285714
4133,0.0,2.0
4134,0.0,2.0
4135,0.0,2.0
4136,3893.0,0.16666666666666652
4137,3832.0,0.23809523809523792
4138,3826.0,0.9047619047619048
4139,3867.0,0.5952380952380951
4140,0.0,2.0
4141,3774.0,1.0
4143,0.0,2.0
4144,0.0,2.0
4145,0.0,2.0
4146,0.0,2.0
4147,0.0,2.0
4148,0.0,2.0
4149,0.0,2.0
4150,3787.0,0.5476190476190477
4151,3768.0,0.26190476190476186
4152,0.0,2.0
4153,0.0,2.0
4154,0.0,2.0
4155,0.0,2.0
4156,3923.0,0.1428571428571428
4157,3859.0,1.1904761904761905
4158,3828.0,0.4285714285714285
4159,0.0,2.0
4160,0.0,2.0
4161,3914.0,0.023809523809523725
4162,0.0,2.0
4163,3775.0,0.738095238095238
4164,3815.0,0.4285714285714285
4165,3866.0,0.09523809523809523
4166,3771.0,0.3571428571428571
4167,3740.0,0.3095238095238094
4168,0.0,2.0
4169,0.0,2.0
4170,0.0,2.0
4171,3819.0,0.5714285714285714
4172,0.0,2.0
4173,0.0,2.0
4174,3777.0,0.5238095238095237
4175,0.0,2.0
4176,0.0,2.0
4177,3930.0,0.2142857142857142
4178,0.0,2.0
4179,3934.0,0.4999999999999999
4180,3872.0,0.04761904761904756
4181,0.0,2.0
4182,3746.0,0.2857142857142856
4183,0.0,2.0
4184,0.0,2.0
4185,3827.0,0.3095238095238094
4186,0.0,2.0
4187,0.0,2.0
4188,0.0,2.0
4189,3703.0,0.16666666666666652
4190,0.0,2.0
4191,3961.0,0.07142857142857129
4192,0.0,2.0
4193,0.0,2.0
4194,3892.0,0.11904761904761896
4195,0.0,2.0
4196,0.0,2.0
4197,0.0,2.0
4198,3847.0,0.2857142857142856
4199,0.0,2.0
4200,3830.0,0.619047619047619
4201,0.0,2.0
4202,0.0,2.0
4203,3957.0,0.26190476190476186
4204,0.0,2.0
4205,0.0,2.0
4206,3782.0,0.5952380952380951
4207,0.0,2.0
4208,0.0,2.0
4209,0.0,2.0
4210,0.0,2.0
4211,4028.0,0.2142857142857142
4212,0.0,2.0
4213,0.0,2.0
4214,0.0,2.0
4215,0.0,2.0
4216,0.0,2.0
4217,3860.0,0.9523809523809523
4218,0.0,2.0
4219,0.0,2.0
4220,0.0,2.0
4221,0.0,2.0
4222,0.0,2.0
4223,0.0,2.0
4224,0.0,2.0
4225,0.0,2.0
4226,3910.0,0.4999999999999999
4227,3791.0,0.5238095238095237
4228,3778.0,0.26190476190476186
4229,0.0,2.0
4230,0.0,2.0
4231,0.0,2.0
4232,0.0,2.0
4233,0.0,2.0
4234,0.0,2.0
4236,3881.0,0.2857142857142856
4237,0.0,2.0
4238,0.0,2.0
4239,3938.0,0.2857142857142856
4240,0.0,2.0
4241,0.0,2.0
4242,0.0,2.0
4243,3868.0,0.38095238095238093
4244,0.0,2.0
4245,3834.0,0.3571428571428571
4246,0.0,2.0
4247,0.0,2.0
4248,0.0,2.0
4249,3848.0,0.3571428571428571
4250,3839.0,0.9047619047619048
4251,0.0,2.0
4252,0.0,2.0
4253,4004.0,0.16666666666666652
4254,3992.0,0.3095238095238094
4255,0.0,2.0
4256,3896.0,0.619047619047619
4257,0.0,2.0
4258,3807.0,0.47619047619047605
4259,0.0,2.0
4260,3964.0,0.26190476190476186
4261,3924.0,0.5238095238095237
4262,0.0,2.0
4263,0.0,2.0
4264,3918.0,0.04761904761904756
4265,3873.0,0.11904761904761896
4266,0.0,2.0
4267,3820.0,0.7619047619047619
4268,3841.0,0.6666666666666665
4269,0.0,2.0
4270,3905.0,0.5476190476190477
4271,3899.0,0.2142857142857142
4272,0.0,2.0
4273,0.0,2.0
4274,0.0,2.0
4275,3944.0,0.26190476190476186
4276,0.0,2.0
4277,3887.0,0.16666666666666652
4278,0.0,2.0
4279,3747.0,0.2142857142857142
4280,3704.0,0.2142857142857142
4281,0.0,2.0
4282,3904.0,0.6904761904761905
4283,3909.0,1.0476190476190477
4284,3962.0,0.38095238095238093
4285,0.0,2.0
4286,3884.0,0.11904761904761896
4287,3897.0,1.1428571428571428
4288,3769.0,0.7142857142857142
4289,3756.0,0.9047619047619048
4290,0.0,2.0
4291,3882.0,0.5238095238095237
4292,0.0,2.0
4293,0.0,2.0
4294,0.0,2.0
4295,0.0,2.0
4296,0.0,2.0
4297,3967.0,0.26190476190476186
4298,0.0,2.0
4299,0.0,2.0
4300,0.0,2.0
4301,4018.0,0.4999999999999999
4302,0.0,2.0
4303,3980.0,0.16666666666666652
4304,0.0,2.0
4305,0.0,2.0
4306,4089.0,0.26190476190476186
4307,0.0,2.0
4309,3880.0,0.47619047619047605
4310,0.0,2.0
4311,0.0,2.0
4312,0.0,2.0
4313,0.0,2.0
4314,0.0,2.0
4315,0.0,2.0
4316,0.0,2.0
4317,0.0,2.0
4318,0.0,2.0
4319,0.0,2.0
4320,3920.0,1.119047619047619
4321,3851.0,0.5238095238095237
4322,3821.0,0.023809523809523725
4323,3987.0,0.47619047619047605
4324,4000.0,0.4999999999999999
4326,0.0,2.0
4327,0.0,2.0
4328,0.0,2.0
4329,0.0,2.0
4330,0.0,2.0
4331,0.0,2.0
4332,0.0,2.0
4333,3912.0,0.8809523809523809
4334,0.0,2.0
4335,0.0,2.0
4336,0.0,2.0
4337,0.0,2.0
4338,0.0,2.0
4339,0.0,2.0
4340,0.0,2.0
4341,0.0,2.0
4342,0.0,2.0
4343,4052.0,0.47619047619047605
4344,0.0,2.0
4345,4035.0,0.5238095238095237
4346,0.0,2.0
4347,3958.0,0.5952380952380951
4348,0.0,2.0
4349,0.0,2.0
4350,0.0,2.0
4351,4088.0,0.19047619047619035
4352,4059.0,0.2142857142857142
4353,4078.0,0.2857142857142856
4354,0.0,2.0
4355,3946.0,0.19047619047619035
4356,3947.0,0.09523809523809523
4357,0.0,2.0
4358,4032.0,0.1428571428571428
4359,0.0,2.0
4360,0.0,2.0
4361,0.0,2.0
4362,0.0,2.0
4363,3999.0,0.7619047619047619
4364,0.0,2.0
4365,0.0,2.0
4366,0.0,2.0
4367,3921.0,0.5714285714285714
4368,0.0,2.0
4369,3890.0,0.4999999999999999
4370,0.0,2.0
4371,4106.0,0.16666666666666652
4372,0.0,2.0
4373,3974.0,0.33333333333333315
4374,0.0,2.0
4375,4069.0,0.19047619047619035
4376,3997.0,0.2857142857142856
4377,4008.0,0.2142857142857142
4379,0.0,2.0
4380,4036.0,0.5714285714285714
4381,4015.0,0.5714285714285714
4382,0.0,2.0
4383,0.0,2.0
4384,4029.0,0.1428571428571428
4385,3939.0,0.7619047619047619
4386,3811.0,0.09523809523809523
4387,0.0,2.0
4388,0.0,2.0
4389,4038.0,0.3095238095238094
4390,0.0,2.0
4391,4011.0,0.45238095238095233
4392,0.0,2.0
4393,0.0,2.0
4394,3973.0,0.23809523809523792
4395,0.0,2.0
4396,3940.0,0.619047619047619
4397,0.0,2.0
4398,4100.0,1.2142857142857144
4399,0.0,2.0
4400,0.0,2.0
4401,4107.0,0.19047619047619035
4402,3982.0,0.4285714285714285
4403,4055.0,0.2857142857142856
4404,3970.0,0.5476190476190477
4405,0.0,2.0
4406,4204.0,0.6666666666666665
4407,0.0,2.0
4408,4116.0,1.1666666666666667
4409,4054.0,0.1428571428571428
4410,0.0,2.0
4411,0.0,2.0
4412,0.0,2.0
4413,0.0,2.0
4414,0.0,2.0
4415,0.0,2.0
4416,3972.0,0.3095238095238094
4417,0.0,2.0
4418,3949.0,0.26190476190476186
4419,3857.0,0.09523809523809523
4420,0.0,2.0
4421,0.0,2.0
4422,0.0,2.0
4423,3976.0,0.33333333333333315
4424,0.0,2.0
4425,0.0,2.0
4426,0.0,2.0
4427,4125.0,0.6904761904761905
4428,0.0,2.0
4429,3981.0,0.3571428571428571
4430,4140.0,0.619047619047619
4431,0.0,2.0
4432,0.0,2.0
4433,0.0,2.0
4434,0.0,2.0
4435,0.0,2.0
4436,4120.0,1.2619047619047619
4437,0.0,2.0
4438,0.0,2.0
4439,4221.0,0.8333333333333333
4440,0.0,2.0
4441,4062.0,0.26190476190476186
4442,4051.0,0.4285714285714285
4443,0.0,2.0
4444,4137.0,0.6904761904761905
4445,0.0,2.0
4446,0.0,2.0
4447,0.0,2.0
4448,0.0,2.0
4449,0.0,2.0
4450,0.0,2.0
4451,0.0,2.0
4452,4132.0,0.33333333333333315
4453,0.0,2.0
4454,4079.0,0.5238095238095237
4455,3990.0,0.4285714285714285
4456,0.0,2.0
4457,0.0,2.0
4458,0.0,2.0
4459,3975.0,0.738095238095238
4460,0.0,2.0
4461,3977.0,0.5714285714285714
4462,0.0,2.0
4463,0.0,2.0
4464,3852.0,0.19047619047619035
4465,4172.0,0.47619047619047605
4466,4084.0,0.6428571428571428
4467,4080.0,0.9285714285714286
4468,4001.0,0.23809523809523792
4469,0.0,2.0
4470,3943.0,0.8095238095238095
4471,4042.0,0.8333333333333333
4472,4009.0,0.40476190476190466
4473,0.0,2.0
4474,0.0,2.0
4475,0.0,2.0
4476,4082.0,0.47619047619047605
4477,0.0,2.0
4478,3983.0,1.2857142857142858
4479,4189.0,0.16666666666666652
4480,4083.0,0.09523809523809523
4481,4108.0,0.45238095238095233
4482,4086.0,0.2142857142857142
4484,0.0,2.0
4485,3979.0,0.5714285714285714
4486,0.0,2.0
4487,0.0,2.0
4488,4175.0,0.33333333333333315
4489,0.0,2.0
4491,4149.0,0.3095238095238094
4492,4191.0,0.16666666666666652
4493,0.0,2.0
4494,0.0,2.0
4495,0.0,2.0
4496,4093.0,0.1428571428571428
4497,0.0,2.0
4498,0.0,2.0
4499,0.0,2.0
4500,0.0,2.0
4501,0.0,2.0
4502,4270.0,0.26190476190476186
4503,0.0,2.0
4504,4180.0,0.2142857142857142
4505,4190.0,0.3095238095238094
4506,0.0,2.0
4507,4090.0,0.738095238095238
4508,0.0,2.0
4509,4109.0,0.33333333333333315
4510,4126.0,0.45238095238095233
4511,4012.0,1.0
4512,0.0,2.0
4513,3959.0,0.738095238095238
4514,0.0,2.0
4515,4020.0,0.2857142857142856
4516,0.0,2.0
4517,4320.0,0.5238095238095237
4518,0.0,2.0
4519,0.0,2.0
4520,4192.0,0.2142857142857142
4521,0.0,2.0
4522,4167.0,0.6666666666666665
4523,0.0,2.0
4524,4234.0,0.3571428571428571
4525,0.0,2.0
4526,4213.0,0.26190476190476186
4527,0.0,2.0
4528,0.0,2.0
4529,0.0,2.0
4530,0.0,2.0
4531,0.0,2.0
4532,0.0,2.0
4533,4127.0,0.40476190476190466
4534,0.0,2.0
4535,4096.0,0.19047619047619035
4536,0.0,2.0
4537,0.0,2.0
4538,4105.0,0.3571428571428571
4539,4247.0,0.2142857142857142
4540,4245.0,0.9285714285714286
4541,0.0,2.0
4542,0.0,2.0
4543,0.0,2.0
4544,0.0,2.0
4545,0.0,2.0
4546,3953.0,0.4285714285714285
4547,0.0,2.0
4548,4174.0,0.4285714285714285
4549,4198.0,0.40476190476190466
4550,0.0,2.0
4551,4030.0,0.23809523809523792
4552,4252.0,0.40476190476190466
4553,4142.0,0.38095238095238093
4554,4026.0,0.4285714285714285
4555,0.0,2.0
4556,4081.0,0.619047619047619
4557,0.0,2.0
4558,4293.0,0.3095238095238094
4559,0.0,2.0
4560,4150.0,0.2857142857142856
4561,0.0,2.0
4562,0.0,2.0
4563,0.0,2.0
4564,0.0,2.0
4565,0.0,2.0
4566,4122.0,0.1428571428571428
4567,0.0,2.0
4568,0.0,2.0
4569,4115.0,0.3571428571428571
4570,0.0,2.0
4571,0.0,2.0
4572,0.0,2.0
4573,0.0,2.0
4574,4321.0,0.07142857142857129
4575,4111.0,0.4285714285714285
4576,4129.0,0.2142857142857142
4577,4074.0,0.5714285714285714
4578,0.0,2.0
4579,4003.0,0.5476190476190477
4580,4058.0,0.07142857142857129
4581,0.0,2.0
4582,0.0,2.0
4583,0.0,2.0
4584,4246.0,0.23809523809523792
4585,4146.0,0.40476190476190466
4586,0.0,2.0
4587,0.0,2.0
4588,4222.0,0.9761904761904762
4589,4200.0,0.3095238095238094
4590,4110.0,0.3095238095238094
4591,4141.0,0.8571428571428571
4592,0.0,2.0
4593,4329.0,1.2619047619047619
4594,4325.0,0.16666666666666652
4595,4214.0,1.0714285714285714
4596,4186.0,0.6428571428571428
4597,0.0,2.0
4598,0.0,2.0
4599,0.0,2.0
4600,4335.0,0.3571428571428571
4601,4301.0,0.23809523809523792
4602,0.0,2.0
4603,4157.0,0.04761904761904756
4604,4164.0,0.47619047619047605
4605,0.0,2.0
4606,0.0,2.0
4607,4274.0,0.11904761904761896
4608,4159.0,0.738095238095238
4609,4181.0,0.619047619047619
4610,0.0,2.0
4611,0.0,2.0
4612,0.0,2.0
4613,4238.0,0.23809523809523792
4614,4123.0,0.5476190476190477
4615,0.0,2.0
4616,0.0,2.0
4617,0.0,2.0
4618,0.0,2.0
4619,4413.0,0.33333333333333315
4620,0.0,2.0
4621,0.0,2.0
4622,4170.0,1.0476190476190477
4623,0.0,2.0
4624,4257.0,0.09523809523809523
4625,4229.0,0.5476190476190477
4626,4208.0,0.9285714285714286
4627,0.0,2.0
4628,0.0,2.0
4629,0.0,2.0
4630,0.0,2.0
4631,4309.0,0.2142857142857142
4632,4224.0,0.09523809523809523
4633,4194.0,0.7619047619047619
4634,0.0,2.0
4635,0.0,2.0
4636,4099.0,0.47619047619047605
4637,4371.0,0.40476190476190466
4638,4380.0,0.16666666666666652
4639,0.0,2.0
4640,0.0,2.0
4641,4341.0,0.1428571428571428
4642,4288.0,0.45238095238095233
4643,4264.0,0.6666666666666665
4644,0.0,2.0
4645,0.0,2.0
4646,0.0,2.0
4647,4165.0,0.3095238095238094
4648,4158.0,0.3571428571428571
4649,4046.0,0.33333333333333315
4650,0.0,2.0
4651,0.0,2.0
4652,0.0,2.0
4653,4315.0,0.4285714285714285
4654,4168.0,0.26190476190476186
4655,0.0,2.0
4656,4330.0,0.4999999999999999
4657,0.0,2.0
4658,4236.0,0.5476190476190477
4659,4169.0,0.7619047619047619
4660,0.0,2.0
4661,4346.0,0.16666666666666652
4662,4337.0,0.38095238095238093
4663,4283.0,0.5714285714285714
4664,4225.0,0.2142857142857142
4665,0.0,2.0
4666,4119.0,0.6666666666666665
4667,4331.0,0.23809523809523792
4668,4154.0,0.619047619047619
4669,4215.0,0.07142857142857129
4670,0.0,2.0
4671,0.0,2.0
4672,0.0,2.0
4673,4118.0,0.23809523809523792
4674,0.0,2.0
4675,0.0,2.0
4676,0.0,2.0
4677,0.0,2.0
4678,0.0,2.0
4679,4258.0,0.1428571428571428
4680,4239.0,0.4285714285714285
4681,0.0,2.0
4682,0.0,2.0
4683,4041.0,0.7619047619047619
4684,4399.0,1.0238095238095237
4685,0.0,2.0
4686,0.0,2.0
4687,0.0,2.0
4688,4276.0,0.40476190476190466
4689,0.0,2.0
4690,0.0,2.0
4691,0.0,2.0
4692,0.0,2.0
4693,0.0,2.0
4694,0.0,2.0
4695,4209.0,0.38095238095238093
4696,0.0,2.0
4697,4271.0,0.2142857142857142
4698,4273.0,0.1428571428571428
4699,4303.0,0.8809523809523809
4700,0.0,2.0
4701,0.0,2.0
4702,0.0,2.0
4703,0.0,2.0
4704,0.0,2.0
4705,4496.0,1.2142857142857144
4706,0.0,2.0
4707,0.0,2.0
4708,0.0,2.0
4709,4414.0,0.04761904761904756
4710,4412.0,0.7142857142857142
4711,4265.0,0.47619047619047605
4712,4249.0,0.9047619047619048
4713,0.0,2.0
4714,4217.0,0.5476190476190477
4715,4495.0,0.2142857142857142
4716,0.0,2.0
4717,4251.0,0.5714285714285714
4718,0.0,2.0
4719,4415.0,0.2857142857142856
4720,4310.0,0.3095238095238094
4721,4284.0,0.5714285714285714
4722,0.0,2.0
4723,0.0,2.0
4724,4420.0,0.5714285714285714
4725,4302.0,0.19047619047619035
4726,4451.0,0.16666666666666652
4727,4306.0,0.023809523809523725
4728,4285.0,0.1428571428571428
4729,4176.0,0.19047619047619035
4730,0.0,2.0
4731,0.0,2.0
4732,0.0,2.0
4733,0.0,2.0
4734,0.0,2.0
4735,0.0,2.0
4736,0.0,2.0
4737,0.0,2.0
4738,4333.0,0.2142857142857142
4739,4316.0,0.5476190476190477
4740,0.0,2.0
4741,4203.0,0.33333333333333315
4742,4148.0,0.3571428571428571
4743,0.0,2.0
4744,0.0,2.0
4745,0.0,2.0
4746,0.0,2.0
4747,4278.0,0.8095238095238095
4748,4272.0,1.0238095238095237
4749,0.0,2.0
4750,0.0,2.0
4751,4454.0,0.2857142857142856
4752,0.0,2.0
4753,0.0,2.0
4754,4279.0,1.119047619047619
4756,4298.0,0.6428571428571428
4757,0.0,2.0
4758,4481.0,1.523809523809524
4759,4450.0,0.47619047619047605
4760,4347.0,0.5952380952380951
4761,0.0,2.0
4762,4290.0,0.5952380952380951
4763,0.0,2.0
4764,0.0,2.0
4765,4267.0,0.45238095238095233
4766,0.0,2.0
4767,4308.0,0.9523809523809523
4768,0.0,2.0
4769,4484.0,0.23809523809523792
4771,4381.0,0.11904761904761896
4772,4461.0,0.33333333333333315
4773,0.0,2.0
4774,0.0,2.0
4775,4311.0,0.2142857142857142
4776,0.0,2.0
4777,0.0,2.0
4778,4289.0,0.3095238095238094
4779,4241.0,0.07142857142857129
4780,0.0,2.0
4781,0.0,2.0
4782,0.0,2.0
4783,4386.0,0.619047619047619
4784,0.0,2.0
4785,4480.0,0.09523809523809523
4786,4492.0,0.19047619047619035
4787,0.0,2.0
4788,4312.0,0.3571428571428571
4789,0.0,2.0
4790,0.0,2.0
4791,4220.0,0.47619047619047605
4792,0.0,2.0
4793,4403.0,0.26190476190476186
4795,4304.0,0.19047619047619035
4796,0.0,2.0
4797,0.0,2.0
4798,0.0,2.0
4799,4563.0,0.04761904761904756
4800,0.0,2.0
4801,0.0,2.0
4802,0.0,2.0
4803,0.0,2.0
4804,0.0,2.0
4805,4421.0,0.2142857142857142
4806,4348.0,0.4285714285714285
4807,4292.0,1.5
4808,0.0,2.0
4809,0.0,2.0
4810,4443.0,0.738095238095238
4811,4469.0,0.23809523809523792
4813,4342.0,0.11904761904761896
4814,4350.0,0.4999999999999999
4815,0.0,2.0
4816,0.0,2.0
4817,0.0,2.0
4818,4362.0,0.23809523809523792
4819,4334.0,0.45238095238095233
4820,4313.0,1.3571428571428572
4821,0.0,2.0
4822,0.0,2.0
4823,0.0,2.0
4824,0.0,2.0
4825,0.0,2.0
4826,4422.0,0.9047619047619048
4827,0.0,2.0
4828,0.0,2.0
4829,0.0,2.0
4830,4497.0,0.23809523809523792
4831,4460.0,0.5476190476190477
4832,4395.0,0.47619047619047605
4833,0.0,2.0
4834,0.0,2.0
4835,0.0,2.0
4836,0.0,2.0
4837,4178.0,0.2857142857142856
4838,4659.0,0.6666666666666665
4839,4555.0,0.07142857142857129
4840,0.0,2.0
4841,0.0,2.0
4842,4551.0,0.45238095238095233
4843,0.0,2.0
4844,0.0,2.0
4845,0.0,2.0
4846,4462.0,0.38095238095238093
4847,0.0,2.0
4848,4482.0,0.6666666666666665
4849,4365.0,0.6428571428571428
4850,4305.0,0.19047619047619035
4851,0.0,2.0
4852,4391.0,0.7142857142857142
4853,4397.0,0.40476190476190466
4854,0.0,2.0
4855,4512.0,0.738095238095238
4856,0.0,2.0
4857,0.0,2.0
4858,0.0,2.0
4859,0.0,2.0
4860,0.0,2.0
4861,0.0,2.0
4862,4580.0,0.8809523809523809
4863,4557.0,0.16666666666666652
4864,0.0,2.0
4865,0.0,2.0
4866,4576.0,0.33333333333333315
4867,0.0,2.0
4868,4621.0,1.4761904761904763
4869,4499.0,0.19047619047619035
4870,0.0,2.0
4871,4358.0,0.8809523809523809
4872,0.0,2.0
4873,4398.0,0.5952380952380951
4874,0.0,2.0
4875,0.0,2.0
4876,0.0,2.0
4877,0.0,2.0
4878,4487.0,0.19047619047619035
4879,4504.0,0.3571428571428571
4880,4338.0,0.4999999999999999
4881,4367.0,1.2619047619047619
4882,0.0,2.0
4883,4581.0,0.619047619047619
4884,0.0,2.0
4885,4388.0,0.33333333333333315
4886,0.0,2.0
4887,0.0,2.0
4888,4488.0,0.6666666666666665
4889,0.0,2.0
4890,4375.0,0.3095238095238094
4891,4457.0,0.5476190476190477
4892,4440.0,0.5714285714285714
4893,0.0,2.0
4894,4401.0,0.2857142857142856
4895,4319.0,0.47619047619047605
4896,0.0,2.0
4897,0.0,2.0
4898,0.0,2.0
4899,0.0,2.0
4900,4356.0,0.19047619047619035
4901,0.0,2.0
4902,0.0,2.0
4903,0.0,2.0
4904,4537.0,0.5714285714285714
4905,4489.0,0.11904761904761896
4906,4449.0,0.6428571428571428
4907,4418.0,1.0
4908,0.0,2.0
4909,0.0,2.0
4910,0.0,2.0
4911,4387.0,0.38095238095238093
4912,4463.0,0.11904761904761896
4913,0.0,2.0
4914,4687.0,0.6666666666666665
4915,4606.0,1.8095238095238098
4916,0.0,2.0
4917,4539.0,0.16666666666666652
4918,0.0,2.0
4919,4261.0,0.23809523809523792
4920,4528.0,0.45238095238095233
4921,4392.0,1.0952380952380953
4922,0.0,2.0
4923,4588.0,0.33333333333333315
4924,4642.0,1.4047619047619049
4925,0.0,2.0
4926,4527.0,0.5476190476190477
4927,0.0,2.0
4928,4441.0,1.2857142857142858
4929,4393.0,0.45238095238095233
4930,0.0,2.0
4931,0.0,2.0
4932,0.0,2.0
4933,4530.0,0.9285714285714286
4934,4464.0,1.119047619047619
4935,0.0,2.0
4936,0.0,2.0
4937,0.0,2.0
4938,4559.0,0.3571428571428571
4939,4424.0,0.40476190476190466
4940,0.0,2.0
4941,0.0,2.0
4942,4437.0,0.2142857142857142
4943,4280.0,0.5714285714285714
4944,0.0,2.0
4945,4632.0,0.11904761904761896
4946,0.0,2.0
4947,0.0,2.0
4948,4473.0,0.7142857142857142
4949,0.0,2.0
4950,0.0,2.0
4951,0.0,2.0
4952,4665.0,0.7619047619047619
4953,4513.0,0.40476190476190466
4954,0.0,2.0
4955,4474.0,0.26190476190476186
4956,4410.0,1.4523809523809523
4957,4389.0,0.9523809523809523
4958,0.0,2.0
4959,4598.0,0.5714285714285714
4960,0.0,2.0
4961,4558.0,0.5714285714285714
4962,4500.0,0.4999999999999999
4963,0.0,2.0
4964,0.0,2.0
4965,0.0,2.0
4966,0.0,2.0
4967,0.0,2.0
4968,0.0,2.0
4969,4472.0,0.8809523809523809
4970,4419.0,0.8571428571428571
4971,0.0,2.0
4972,4428.0,0.5714285714285714
4973,0.0,2.0
4974,0.0,2.0
4975,0.0,2.0
4976,0.0,2.0
4977,4470.0,0.33333333333333315
4978,0.0,2.0
4979,4506.0,0.4285714285714285
4980,0.0,2.0
4981,4427.0,0.5952380952380951
4982,0.0,2.0
4983,4692.0,0.6428571428571428
4984,4538.0,0.7142857142857142
4985,4446.0,1.0
4986,0.0,2.0
4987,4352.0,0.23809523809523792
4988,0.0,2.0
4989,0.0,2.0
4990,0.0,2.0
4992,4725.0,0.023809523809523725
4993,4715.0,0.7142857142857142
4994,0.0,2.0
4995,0.0,2.0
4996,4582.0,0.38095238095238093
4997,4585.0,0.2142857142857142
4998,4521.0,0.40476190476190466
4999,4772.0,0.09523809523809523
5000,4680.0,1.0476190476190477
5001,4640.0,0.45238095238095233
5002,4529.0,1.0238095238095237
5003,4494.0,0.3095238095238094
5004,0.0,2.0
5005,4732.0,0.7857142857142857
5006,0.0,2.0
5007,0.0,2.0
5008,0.0,2.0
5009,0.0,2.0
5010,0.0,2.0
5011,4476.0,0.19047619047619035
5012,0.0,2.0
5013,4742.0,0.1428571428571428
5014,0.0,2.0
5015,0.0,2.0
5016,0.0,2.0
5017,0.0,2.0
5018,4452.0,1.0952380952380953
5019,4507.0,1.0
5020,0.0,2.0
5021,0.0,2.0
5022,0.0,2.0
5023,0.0,2.0
5024,4653.0,0.23809523809523792
5025,4514.0,0.1428571428571428
5026,0.0,2.0
5027,4726.0,0.45238095238095233
5028,0.0,2.0
5029,4583.0,0.4999999999999999
5030,0.0,2.0
5031,0.0,2.0
5032,0.0,2.0
5033,4660.0,0.16666666666666652
5034,0.0,2.0
5035,4651.0,0.16666666666666652
5036,4695.0,0.3571428571428571
5037,0.0,2.0
5038,0.0,2.0
5039,4453.0,0.3095238095238094
5040,0.0,2.0
5041,4592.0,0.9761904761904762
5042,4601.0,0.2857142857142856
5043,4615.0,1.0
5044,0.0,2.0
5045,0.0,2.0
5046,0.0,2.0
5047,0.0,2.0
5048,0.0,2.0
5049,4505.0,0.5238095238095237
5050,0.0,2.0
5051,4716.0,0.2142857142857142
5052,4357.0,0.2857142857142856
5053,4442.0,1.0714285714285714
5054,0.0,2.0
5055,0.0,2.0
5056,0.0,2.0
5057,4669.0,0.3095238095238094
5058,4599.0,1.1428571428571428
5059,4696.0,0.33333333333333315
5060,0.0,2.0
5061,0.0,2.0
5062,0.0,2.0
5063,0.0,2.0
5064,0.0,2.0
5065,4635.0,0.3095238095238094
5066,0.0,2.0
5067,4625.0,0.8809523809523809
5068,0.0,2.0
5069,0.0,2.0
5070,0.0,2.0
5071,0.0,2.0
5072,0.0,2.0
5073,4786.0,0.16666666666666652
5074,4675.0,1.0714285714285714
5076,0.0,2.0
5077,0.0,2.0
5078,4834.0,0.07142857142857129
5079,0.0,2.0
5080,0.0,2.0
5081,4717.0,0.8571428571428571
5082,0.0,2.0
5084,0.0,2.0
5085,0.0,2.0
5086,4429.0,0.04761904761904756
5087,0.0,2.0
5088,0.0,2.0
5089,4704.0,0.3095238095238094
5090,0.0,2.0
5091,0.0,2.0
5092,0.0,2.0
5093,4644.0,1.0238095238095237
5094,0.0,2.0
5095,0.0,2.0
5096,0.0,2.0
5097,4775.0,0.9523809523809523
5098,4643.0,0.5714285714285714
5099,4688.0,0.8333333333333333
5100,4792.0,1.523809523809524
5101,4600.0,0.19047619047619035
5102,4697.0,0.619047619047619
5103,0.0,2.0
5104,4465.0,0.23809523809523792
5105,0.0,2.0
5106,4402.0,0.5476190476190477
5107,4670.0,0.619047619047619
5108,0.0,2.0
5109,4856.0,0.7619047619047619
5110,4908.0,0.3571428571428571
5111,0.0,2.0
5112,0.0,2.0
5113,4689.0,0.23809523809523792
5114,0.0,2.0
5115,0.0,2.0
5116,0.0,2.0
5117,0.0,2.0
5119,4749.0,0.09523809523809523
5120,0.0,2.0
5121,0.0,2.0
5123,0.0,2.0
5124,0.0,2.0
5125,0.0,2.0
5126,0.0,2.0
5127,0.0,2.0
5128,0.0,2.0
5129,0.0,2.0
5130,4784.0,0.23809523809523792
5131,4728.0,0.47619047619047605
5132,0.0,2.0
5133,4578.0,0.45238095238095233
5134,0.0,2.0
5135,0.0,2.0
5136,4844.0,0.9285714285714286
5137,4780.0,0.5714285714285714
5138,0.0,2.0
5139,4630.0,0.7619047619047619
5140,4631.0,0.40476190476190466
5141,0.0,2.0
5142,0.0,2.0
5143,4864.0,0.09523809523809523
5144,0.0,2.0
5145,0.0,2.0
5146,4737.0,0.1428571428571428
5147,4705.0,0.5952380952380951
5148,0.0,2.0
5149,0.0,2.0
5150,0.0,2.0
5151,0.0,2.0
5152,4676.0,0.7142857142857142
5153,0.0,2.0
5154,0.0,2.0
5155,0.0,2.0
5156,4571.0,0.3095238095238094
5157,0.0,2.0
5158,0.0,2.0
5159,4714.0,0.45238095238095233
5160,0.0,2.0
5161,4698.0,0.33333333333333315
5162,4654.0,0.619047619047619
5163,4542.0,0.5952380952380951
5164,0.0,2.0
5165,0.0,2.0
5166,0.0,2.0
5167,4756.0,0.16666666666666652
5168,4757.0,0.4285714285714285
5169,4718.0,0.7857142857142857
5170,4524.0,0.7142857142857142
5171,0.0,2.0
5172,4608.0,0.7619047619047619
5173,4677.0,1.1428571428571428
5174,0.0,2.0
5175,4634.0,0.45238095238095233
5176,0.0,2.0
5177,0.0,2.0
5178,4636.0,0.1428571428571428
5179,0.0,2.0
5180,4656.0,1.3095238095238095
5181,0.0,2.0
5182,0.0,2.0
5183,4865.0,0.3095238095238094
5185,0.0,2.0
5186,0.0,2.0
5187,0.0,2.0
5188,0.0,2.0
5189,4572.0,0.47619047619047605
5190,0.0,2.0
5191,0.0,2.0
5192,0.0,2.0
5193,0.0,2.0
5194,4596.0,0.9761904761904762
5195,4809.0,0.1428571428571428
5196,4793.0,0.38095238095238093
5198,0.0,2.0
5199,4532.0,0.5714285714285714
5200,0.0,2.0
5201,0.0,2.0
5202,0.0,2.0
5203,0.0,2.0
5204,0.0,2.0
5205,4694.0,0.47619047619047605
5206,4752.0,0.2857142857142856
5207,4974.0,0.47619047619047605
5208,0.0,2.0
5209,0.0,2.0
5210,0.0,2.0
5211,0.0,2.0
5212,0.0,2.0
5213,0.0,2.0
5214,0.0,2.0
5215,0.0,2.0
5216,4710.0,0.8095238095238095
5217,4618.0,0.4285714285714285
5218,4947.0,0.9523809523809523
5219,0.0,2.0
5220,0.0,2.0
5221,0.0,2.0
5222,0.0,2.0
5223,4858.0,0.26190476190476186
5224,0.0,2.0
5226,0.0,2.0
5227,0.0,2.0
5228,0.0,2.0
5229,4678.0,0.5952380952380951
5230,0.0,2.0
5231,4900.0,0.11904761904761896
5232,4802.0,0.4285714285714285
5233,0.0,2.0
5234,4700.0,0.5952380952380951
5235,0.0,2.0
5236,4853.0,0.6904761904761905
5237,4708.0,1.0
5238,0.0,2.0
5239,4881.0,0.8809523809523809
5240,4882.0,0.9047619047619048
5241,4917.0,0.26190476190476186
5242,4768.0,0.38095238095238093
5243,0.0,2.0
5244,0.0,2.0
5245,0.0,2.0
5246,0.0,2.0
5248,5007.0,0.4285714285714285
5249,4931.0,0.47619047619047605
5250,0.0,2.0
5251,4836.0,0.47619047619047605
5252,4791.0,0.8333333333333333
5253,0.0,2.0
5254,4846.0,0.38095238095238093
5255,4875.0,0.2142857142857142
5256,0.0,2.0
5257,4739.0,0.47619047619047605
5258,0.0,2.0
5259,0.0,2.0
5260,0.0,2.0
5261,0.0,2.0
5262,4933.0,0.3095238095238094
5263,0.0,2.0
5264,0.0,2.0
5265,0.0,2.0
5266,0.0,2.0
5267,0.0,2.0
5268,4941.0,0.023809523809523725
5269,4797.0,1.0952380952380953
5270,0.0,2.0
5271,4753.0,1.2380952380952381
5272,0.0,2.0
5273,0.0,2.0
5274,4825.0,0.8333333333333333
5275,4880.0,0.47619047619047605
5276,4750.0,0.3095238095238094
5277,4764.0,0.3571428571428571
5278,4709.0,0.5714285714285714
5279,0.0,2.0
5280,0.0,2.0
5281,0.0,2.0
5282,0.0,2.0
5283,4916.0,1.1428571428571428
5284,0.0,2.0
5286,0.0,2.0
5287,0.0,2.0
5288,0.0,2.0
5289,4639.0,0.5238095238095237
5290,0.0,2.0
5291,0.0,2.0
5292,4866.0,0.11904761904761896
5293,4838.0,0.5238095238095237
5294,4720.0,1.0476190476190477
5295,4701.0,0.9523809523809523
5296,4723.0,0.9047619047619048
5297,0.0,2.0
5298,4927.0,0.3095238095238094
5299,4890.0,0.2142857142857142
5300,4948.0,0.23809523809523792
5301,0.0,2.0
5302,4730.0,0.6666666666666665
5303,4648.0,0.3095238095238094
5304,4658.0,0.5238095238095237
5305,0.0,2.0
5306,0.0,2.0
5307,4851.0,0.11904761904761896
5308,0.0,2.0
5309,4707.0,0.2857142857142856
5310,4719.0,0.2857142857142856
5311,4657.0,0.2857142857142856
5312,0.0,2.0
5313,4954.0,0.023809523809523725
5314,4909.0,1.3333333333333335
5315,0.0,2.0
5316,4897.0,0.38095238095238093
5317,4876.0,1.2380952380952381
5318,4854.0,0.3571428571428571
5319,0.0,2.0
5320,0.0,2.0
5321,0.0,2.0
5322,0.0,2.0
5323,0.0,2.0
5324,0.0,2.0
5325,0.0,2.0
5326,0.0,2.0
5327,0.0,2.0
5328,4843.0,0.8333333333333333
5329,0.0,2.0
5330,4746.0,0.7857142857142857
5331,4989.0,0.8333333333333333
5332,0.0,2.0
5333,4970.0,0.9285714285714286
5334,4849.0,0.3571428571428571
5335,0.0,2.0
5336,0.0,2.0
5337,0.0,2.0
5338,4761.0,0.19047619047619035
5339,0.0,2.0
5340,0.0,2.0
5341,0.0,2.0
5342,4924.0,0.19047619047619035
5343,0.0,2.0
5344,4896.0,0.47619047619047605
5346,4712.0,0.7142857142857142
5347,0.0,2.0
5348,0.0,2.0
5349,4969.0,0.16666666666666652
5350,0.0,2.0
5351,0.0,2.0
5352,0.0,2.0
5353,0.0,2.0
5354,0.0,2.0
5355,0.0,2.0
5356,0.0,2.0
5357,0.0,2.0
5358,0.0,2.0
5359,4799.0,1.3095238095238095
5360,0.0,2.0
5362,0.0,2.0
5363,0.0,2.0
5364,5063.0,1.3571428571428572
5365,4926.0,0.19047619047619035
5366,0.0,2.0
5367,0.0,2.0
5368,4724.0,0.16666666666666652
5369,0.0,2.0
5370,4955.0,1.0
5371,0.0,2.0
5372,0.0,2.0
5373,4845.0,0.6904761904761905
5374,13706.0,0.2142857142857142
5375,4788.0,0.7142857142857142
5376,0.0,2.0
5377,0.0,2.0
5378,5031.0,0.07142857142857129
5379,4958.0,0.26190476190476186
5380,0.0,2.0
5382,0.0,2.0
5383,0.0,2.0
5384,4959.0,0.47619047619047605
5385,5015.0,0.6428571428571428
5386,0.0,2.0
5387,0.0,2.0
5388,4769.0,1.119047619047619
5389,0.0,2.0
5390,4925.0,0.8809523809523809
5391,0.0,2.0
5392,5117.0,0.023809523809523725
5393,0.0,2.0
5394,0.0,2.0
5395,4814.0,0.2857142857142856
5396,0.0,2.0
5397,0.0,2.0
5398,0.0,2.0
5400,0.0,2.0
5402,0.0,2.0
5403,0.0,2.0
5404,0.0,2.0
5405,0.0,2.0
5406,0.0,2.0
5407,4740.0,0.2142857142857142
5408,5172.0,0.3095238095238094
5409,5070.0,0.07142857142857129
5410,0.0,2.0
5411,5118.0,0.3095238095238094
5412,5096.0,1.5
5413,4992.0,0.3571428571428571
5414,0.0,2.0
5415,0.0,2.0
5416,0.0,2.0
5417,0.0,2.0
5418,4913.0,0.8095238095238095
5419,0.0,2.0
5420,0.0,2.0
5421,4805.0,0.11904761904761896
5422,4794.0,0.2142857142857142
5423,4813.0,0.619047619047619
5424,0.0,2.0
5425,0.0,2.0
5426,4935.0,0.2857142857142856
5427,4911.0,0.09523809523809523
5428,0.0,2.0
5429,4847.0,0.9761904761904762
5430,5182.0,0.3095238095238094
5431,5086.0,0.09523809523809523
5433,0.0,2.0
5434,4868.0,0.8095238095238095
5435,0.0,2.0
5436,5037.0,0.19047619047619035
5437,5038.0,0.47619047619047605
5438,4998.0,0.19047619047619035
5439,5065.0,0.2857142857142856
5440,4936.0,0.8571428571428571
5441,4905.0,0.4285714285714285
5442,4921.0,0.8571428571428571
5443,5144.0,0.19047619047619035
5444,5064.0,0.07142857142857129
5445,4912.0,0.9047619047619048
5447,0.0,2.0
5448,4982.0,0.6666666666666665
5449,4991.0,0.3095238095238094
5450,4901.0,0.7619047619047619
5451,0.0,2.0
5452,0.0,2.0
5453,4944.0,0.8809523809523809
5454,0.0,2.0
5455,4822.0,0.23809523809523792
5456,5181.0,0.19047619047619035
5457,0.0,2.0
5458,4949.0,0.4999999999999999
5459,0.0,2.0
5461,0.0,2.0
5462,0.0,2.0
5463,5052.0,0.2142857142857142
5464,0.0,2.0
5465,5074.0,0.7619047619047619
5466,4950.0,0.26190476190476186
5467,4928.0,0.40476190476190466
5468,0.0,2.0
5469,4971.0,0.38095238095238093
5470,0.0,2.0
5471,0.0,2.0
5472,5104.0,0.23809523809523792
5474,0.0,2.0
5475,4884.0,0.4285714285714285
5476,0.0,2.0
5477,0.0,2.0
5478,0.0,2.0
5479,4973.0,0.23809523809523792
5480,0.0,2.0
5481,0.0,2.0
5482,4795.0,0.5476190476190477
5483,5216.0,0.8095238095238095
5484,4976.0,0.2857142857142856
5485,5017.0,0.38095238095238093
5486,0.0,2.0
5487,0.0,2.0
5488,5095.0,0.33333333333333315
5489,0.0,2.0
5490,5010.0,0.09523809523809523
5491,0.0,2.0
5492,0.0,2.0
5493,0.0,2.0
5494,5046.0,0.5952380952380951
5495,4883.0,0.33333333333333315
5496,0.0,2.0
5497,4902.0,0.3095238095238094
5498,0.0,2.0
5499,0.0,2.0
5500,4807.0,0.26190476190476186
5501,5293.0,0.4999999999999999
5502,5113.0,0.09523809523809523
5503,0.0,2.0
5504,0.0,2.0
5505,0.0,2.0
5506,5054.0,0.7619047619047619
5507,0.0,2.0
5508,4887.0,0.7857142857142857
5509,0.0,2.0
5510,5149.0,0.7857142857142857
5511,0.0,2.0
5512,5071.0,0.09523809523809523
5513,0.0,2.0
5514,5066.0,0.7619047619047619
5515,0.0,2.0
5516,0.0,2.0
5517,0.0,2.0
5518,0.0,2.0
5519,0.0,2.0
5520,5089.0,0.3571428571428571
5521,0.0,2.0
5522,0.0,2.0
5523,4952.0,0.11904761904761896
5524,0.0,2.0
5525,4920.0,0.738095238095238
5526,4863.0,0.4999999999999999
5527,0.0,2.0
5528,0.0,2.0
5529,0.0,2.0
5530,5106.0,0.6666666666666665
5531,5000.0,1.0476190476190477
5532,0.0,2.0
5533,4918.0,0.19047619047619035
5534,0.0,2.0
5535,5335.0,0.0
5536,0.0,2.0
5537,5165.0,0.5714285714285714
5538,5088.0,0.6666666666666665
5539,5105.0,0.40476190476190466
5541,0.0,2.0
5542,0.0,2.0
5543,4980.0,0.6904761904761905
5544,4938.0,0.9523809523809523
5545,0.0,2.0
5546,4964.0,0.7619047619047619
5547,0.0,2.0
5548,0.0,2.0
5549,0.0,2.0
5550,0.0,2.0
5551,0.0,2.0
5552,0.0,2.0
5553,5173.0,0.1428571428571428
5554,5147.0,0.6428571428571428
5555,5126.0,0.40476190476190466
5556,0.0,2.0
5557,0.0,2.0
5559,5033.0,0.23809523809523792
5560,0.0,2.0
5561,0.0,2.0
5562,0.0,2.0
5563,5257.0,0.19047619047619035
5564,0.0,2.0
5565,0.0,2.0
5566,0.0,2.0
5567,4953.0,0.8571428571428571
5568,5019.0,0.40476190476190466
5569,0.0,2.0
5570,0.0,2.0
5571,4985.0,0.7142857142857142
5572,5148.0,0.5952380952380951
5573,5200.0,0.4285714285714285
5574,5072.0,0.47619047619047605
5575,5194.0,0.9761904761904762
5577,0.0,2.0
5578,0.0,2.0
5579,5006.0,0.09523809523809523
5580,5167.0,0.2142857142857142
5581,5153.0,0.7142857142857142
5582,5005.0,0.619047619047619
5583,0.0,2.0
5584,5239.0,0.07142857142857129
5585,5190.0,0.23809523809523792
5586,5260.0,0.8571428571428571
5587,0.0,2.0
5588,0.0,2.0
5590,5278.0,0.5714285714285714
5591,0.0,2.0
5592,5264.0,0.23809523809523792
5593,5254.0,0.9761904761904762
5594,5240.0,0.23809523809523792
5595,5351.0,0.26190476190476186
5596,5274.0,0.1428571428571428
5597,0.0,2.0
5598,0.0,2.0
5599,0.0,2.0
5600,0.0,2.0
5601,0.0,2.0
5602,5076.0,0.33333333333333315
5603,5047.0,0.5238095238095237
5604,0.0,2.0
5605,5242.0,0.3571428571428571
5606,0.0,2.0
5609,0.0,2.0
5610,0.0,2.0
5611,0.0,2.0
5612,0.0,2.0
5613,4995.0,1.2619047619047619
5614,0.0,2.0
5615,0.0,2.0
5616,0.0,2.0
5617,5004.0,0.9047619047619048
5618,0.0,2.0
5619,0.0,2.0
5620,0.0,2.0
5621,5275.0,0.40476190476190466
5622,5114.0,0.8095238095238095
5623,5179.0,0.5238095238095237
5624,0.0,2.0
5625,0.0,2.0
5626,0.0,2.0
5627,5150.0,0.6666666666666665
5628,0.0,2.0
5629,0.0,2.0
5630,5011.0,0.26190476190476186
5631,0.0,2.0
5632,0.0,2.0
5633,0.0,2.0
5634,0.0,2.0
5635,5191.0,0.3095238095238094
5636,0.0,2.0
5637,5159.0,0.5238095238095237
5638,0.0,2.0
5639,0.0,2.0
5640,0.0,2.0
5641,5334.0,0.47619047619047605
5642,5168.0,0.738095238095238
5643,5141.0,1.0952380952380953
5644,5034.0,0.738095238095238
5645,0.0,2.0
5646,0.0,2.0
5647,0.0,2.0
5648,0.0,2.0
5649,0.0,2.0
5650,5036.0,1.0238095238095237
5651,5311.0,0.2142857142857142
5652,5209.0,0.38095238095238093
5653,0.0,2.0
5654,0.0,2.0
5655,0.0,2.0
5656,0.0,2.0
5657,0.0,2.0
5658,0.0,2.0
5659,0.0,2.0
5660,4966.0,0.8333333333333333
5661,5368.0,0.1428571428571428
5662,5221.0,0.26190476190476186
5663,5326.0,0.09523809523809523
5664,0.0,2.0
5665,0.0,2.0
5666,5175.0,0.3571428571428571
5667,5152.0,0.47619047619047605
5668,0.0,2.0
5669,0.0,2.0
5670,0.0,2.0
5671,0.0,2.0
5672,0.0,2.0
5673,4940.0,0.33333333333333315
5674,0.0,2.0
5675,0.0,2.0
5676,5201.0,0.6666666666666665
5677,5205.0,0.38095238095238093
5678,5225.0,0.26190476190476186
5679,0.0,2.0
5680,0.0,2.0
5681,0.0,2.0
5682,0.0,2.0
5683,0.0,2.0
5684,4957.0,0.9523809523809523
5685,5107.0,0.6428571428571428
5686,5213.0,0.3571428571428571
5687,5067.0,0.7142857142857142
5688,0.0,2.0
5689,0.0,2.0
5690,5354.0,0.23809523809523792
5691,0.0,2.0
5692,5243.0,0.40476190476190466
5693,5203.0,0.47619047619047605
5694,5101.0,0.4285714285714285
5695,0.0,2.0
5696,5058.0,1.0476190476190477
5697,0.0,2.0
5698,0.0,2.0
5699,5083.0,0.6666666666666665
5700,0.0,2.0
5701,5329.0,0.5238095238095237
5702,0.0,2.0
5703,5161.0,0.8095238095238095
5704,4978.0,0.23809523809523792
5705,0.0,2.0
5706,5061.0,0.3571428571428571
5707,5249.0,0.40476190476190466
5708,0.0,2.0
5709,5433.0,0.6904761904761905
5710,5451.0,0.1428571428571428
5711,5307.0,0.3095238095238094
5712,0.0,2.0
5713,5092.0,0.5238095238095237
5714,5035.0,0.5714285714285714
5715,5080.0,0.8095238095238095
5716,0.0,2.0
5717,0.0,2.0
5718,5340.0,0.40476190476190466
5719,0.0,2.0
5720,0.0,2.0
5721,0.0,2.0
5722,0.0,2.0
5723,0.0,2.0
5725,0.0,2.0
5726,0.0,2.0
5727,5435.0,0.11904761904761896
5728,0.0,2.0
5729,5308.0,0.9285714285714286
5730,0.0,2.0
5731,0.0,2.0
5732,0.0,2.0
5733,5251.0,0.8333333333333333
5734,0.0,2.0
5735,5110.0,0.6904761904761905
5736,5359.0,0.619047619047619
5737,0.0,2.0
5738,5500.0,0.5476190476190477
5739,5285.0,0.3095238095238094
5740,5169.0,0.3095238095238094
5741,5195.0,0.619047619047619
5742,0.0,2.0
5743,0.0,2.0
5744,0.0,2.0
5745,0.0,2.0
5746,5322.0,0.40476190476190466
5747,0.0,2.0
5748,0.0,2.0
5749,0.0,2.0
5750,0.0,2.0
5751,0.0,2.0
5752,0.0,2.0
5753,5279.0,0.6666666666666665
5754,0.0,2.0
5756,0.0,2.0
5757,0.0,2.0
5758,0.0,2.0
5759,0.0,2.0
5760,0.0,2.0
5761,0.0,2.0
5762,0.0,2.0
5763,0.0,2.0
5764,5204.0,0.2142857142857142
5765,5212.0,0.7619047619047619
5766,5289.0,0.38095238095238093
5767,0.0,2.0
5768,5214.0,0.1428571428571428
5769,5049.0,0.07142857142857129
5770,5402.0,0.4285714285714285
5771,0.0,2.0
5772,0.0,2.0
5773,5341.0,0.7857142857142857
5774,0.0,2.0
5775,0.0,2.0
5776,0.0,2.0
5777,5424.0,0.16666666666666652
5778,0.0,2.0
5779,5323.0,0.4285714285714285
5780,0.0,2.0
5781,0.0,2.0
5782,0.0,2.0
5783,5146.0,0.3571428571428571
5784,5068.0,1.0714285714285714
5785,5396.0,0.3571428571428571
5786,5192.0,0.26190476190476186
5787,0.0,2.0
5788,0.0,2.0
5789,0.0,2.0
5790,5112.0,0.9047619047619048
5791,5403.0,0.7619047619047619
5792,0.0,2.0
5793,0.0,2.0
5794,5518.0,0.2142857142857142
5795,5324.0,0.4999999999999999
5796,0.0,2.0
5797,0.0,2.0
5798,5461.0,0.6666666666666665
5799,0.0,2.0
5800,0.0,2.0
5802,5124.0,0.38095238095238093
5803,5498.0,1.2619047619047619
5804,0.0,2.0
5805,0.0,2.0
5806,5327.0,0.2142857142857142
5807,0.0,2.0
5808,0.0,2.0
5809,5231.0,0.2142857142857142
5810,5244.0,1.0476190476190477
5811,0.0,2.0
5812,0.0,2.0
5813,5537.0,0.23809523809523792
5814,5339.0,0.2142857142857142
5815,0.0,2.0
5816,0.0,2.0
5817,5488.0,0.23809523809523792
5819,5269.0,0.16666666666666652
5820,5108.0,0.33333333333333315
5821,5481.0,0.11904761904761896
5822,0.0,2.0
5823,5353.0,0.23809523809523792
5824,5376.0,0.1428571428571428
5825,0.0,2.0
5826,0.0,2.0
5827,0.0,2.0
5828,0.0,2.0
5829,5372.0,0.6428571428571428
5830,5125.0,0.4285714285714285
5831,0.0,2.0
5832,5456.0,0.5476190476190477
5833,0.0,2.0
5834,5473.0,0.47619047619047605
5835,0.0,2.0
5836,5355.0,0.09523809523809523
5837,5245.0,0.38095238095238093
5838,0.0,2.0
5840,5330.0,0.5476190476190477
5841,5361.0,1.2142857142857144
5842,0.0,2.0
5843,5233.0,0.6666666666666665
5844,5256.0,0.619047619047619
5845,5220.0,0.7619047619047619
5846,5207.0,0.2857142857142856
5847,0.0,2.0
5848,0.0,2.0
5849,0.0,2.0
5850,5301.0,0.33333333333333315
5851,5093.0,0.7857142857142857
5852,5505.0,0.09523809523809523
5853,0.0,2.0
5854,0.0,2.0
5855,0.0,2.0
5856,5261.0,1.1904761904761905
5857,0.0,2.0
5858,0.0,2.0
5859,5448.0,0.619047619047619
5860,5388.0,0.19047619047619035
5861,5313.0,0.9047619047619048
5862,0.0,2.0
5863,5377.0,0.8571428571428571
5864,5331.0,0.2142857142857142
5865,0.0,2.0
5866,5287.0,0.9047619047619048
5867,0.0,2.0
5868,5378.0,0.07142857142857129
5869,5237.0,0.1428571428571428
5870,0.0,2.0
5871,5409.0,0.619047619047619
5872,0.0,2.0
5873,0.0,2.0
5874,0.0,2.0
5875,5342.0,0.619047619047619
5876,5407.0,0.3571428571428571
5877,0.0,2.0
5878,5530.0,0.19047619047619035
5879,0.0,2.0
5880,5474.0,0.3571428571428571
5881,5281.0,0.19047619047619035
5882,0.0,2.0
5883,5332.0,0.738095238095238
5884,5282.0,0.1428571428571428
5885,5283.0,1.2857142857142858
5886,0.0,2.0
5887,0.0,2.0
5888,5228.0,0.7619047619047619
5889,5116.0,0.45238095238095233
5890,5515.0,0.9047619047619048
5891,0.0,2.0
5892,0.0,2.0
5893,5483.0,0.23809523809523792
5894,5337.0,0.4285714285714285
5895,0.0,2.0
5896,0.0,2.0
5897,0.0,2.0
5898,0.0,2.0
5899,0.0,2.0
5900,5452.0,0.5476190476190477
5901,0.0,2.0
5902,5469.0,0.16666666666666652
5903,0.0,2.0
5904,0.0,2.0
5905,5310.0,1.2142857142857144
5906,0.0,2.0
5907,5485.0,0.7142857142857142
5908,0.0,2.0
5909,0.0,2.0
5910,5300.0,0.3571428571428571
5911,5333.0,0.8333333333333333
5912,0.0,2.0
5913,0.0,2.0
5914,5276.0,0.11904761904761896
5915,5482.0,0.5714285714285714
5916,0.0,2.0
5917,5362.0,0.07142857142857129
5919,0.0,2.0
5920,5304.0,0.16666666666666652
5921,5638.0,1.0476190476190477
5922,5576.0,0.023809523809523725
5923,5510.0,0.19047619047619035
5924,5484.0,0.38095238095238093
5925,0.0,2.0
5926,5419.0,0.45238095238095233
5927,0.0,2.0
5928,5288.0,0.6666666666666665
5929,0.0,2.0
5930,0.0,2.0
5931,0.0,2.0
5932,0.0,2.0
5933,0.0,2.0
5934,0.0,2.0
5935,0.0,2.0
5936,5520.0,0.3571428571428571
5937,0.0,2.0
5938,5529.0,0.5476190476190477
5939,5551.0,0.19047619047619035
5940,0.0,2.0
5941,0.0,2.0
5942,5299.0,0.2857142857142856
5943,5290.0,0.3095238095238094
5944,0.0,2.0
5945,0.0,2.0
5946,0.0,2.0
5947,0.0,2.0
5948,5457.0,0.5952380952380951
5949,0.0,2.0
5950,5426.0,0.2857142857142856
5951,0.0,2.0
5952,5380.0,0.40476190476190466
5953,0.0,2.0
5954,0.0,2.0
5955,0.0,2.0
5956,5490.0,0.4285714285714285
5957,5531.0,0.7619047619047619
5958,0.0,2.0
5959,5427.0,0.3095238095238094
5960,5236.0,0.33333333333333315
5961,0.0,2.0
5962,0.0,2.0
5963,0.0,2.0
5964,0.0,2.0
5965,5610.0,0.6666666666666665
5966,5628.0,0.26190476190476186
5967,5344.0,0.16666666666666652
5968,0.0,2.0
5969,5364.0,0.4285714285714285
5970,0.0,2.0
5971,0.0,2.0
5972,5466.0,0.3095238095238094
5973,0.0,2.0
5974,5709.0,0.11904761904761896
5975,5523.0,0.3571428571428571
5976,5465.0,0.11904761904761896
5977,5502.0,0.5238095238095237
5978,0.0,2.0
5979,0.0,2.0
5980,0.0,2.0
5981,0.0,2.0
5982,5188.0,0.4999999999999999
5983,5669.0,0.2142857142857142
5984,5577.0,0.09523809523809523
5985,5570.0,0.33333333333333315
5986,0.0,2.0
5987,5511.0,0.5476190476190477
5988,5723.0,0.6428571428571428
5989,0.0,2.0
5990,0.0,2.0
5991,5425.0,0.4285714285714285
5992,0.0,2.0
5993,5501.0,0.0
5995,5414.0,0.5952380952380951
5996,0.0,2.0
5997,0.0,2.0
5998,5644.0,0.26190476190476186
5999,0.0,2.0
6000,5547.0,0.16666666666666652
6001,0.0,2.0
6002,5458.0,0.6428571428571428
6003,5549.0,0.5238095238095237
6004,5470.0,0.33333333333333315
6005,0.0,2.0
6007,0.0,2.0
6008,5622.0,0.2857142857142856
6009,5561.0,0.1428571428571428
6010,5552.0,0.16666666666666652
6011,5562.0,0.5476190476190477
6012,5423.0,0.23809523809523792
6013,5581.0,0.26190476190476186
6015,0.0,2.0
6016,5373.0,0.7142857142857142
6017,0.0,2.0
6018,0.0,2.0
6019,0.0,2.0
6020,5506.0,0.9047619047619048
6021,5479.0,1.1428571428571428
6022,0.0,2.0
6023,0.0,2.0
6024,5418.0,0.5238095238095237
6025,0.0,2.0
6026,5516.0,0.19047619047619035
6027,5477.0,0.3571428571428571
6028,0.0,2.0
6029,5680.0,0.09523809523809523
6030,5712.0,0.33333333333333315
6031,0.0,2.0
6032,0.0,2.0
6033,5302.0,0.3095238095238094
6034,0.0,2.0
6035,0.0,2.0
6036,5348.0,0.11904761904761896
6037,0.0,2.0
6038,5526.0,0.26190476190476186
6039,0.0,2.0
6040,0.0,2.0
6041,5687.0,0.023809523809523725
6042,5459.0,0.40476190476190466
6043,5429.0,0.09523809523809523
6044,5472.0,0.6428571428571428
6045,5454.0,0.3095238095238094
6046,5263.0,0.2857142857142856
6047,0.0,2.0
6048,0.0,2.0
6049,0.0,2.0
6050,0.0,2.0
6051,5524.0,0.5714285714285714
6052,5494.0,0.3571428571428571
6053,5415.0,0.47619047619047605
6054,0.0,2.0
6055,0.0,2.0
6056,0.0,2.0
6057,5759.0,0.38095238095238093
6058,0.0,2.0
6059,0.0,2.0
6060,0.0,2.0
6061,0.0,2.0
6062,5431.0,0.5714285714285714
6063,5685.0,0.3095238095238094
6064,5710.0,0.26190476190476186
6065,0.0,2.0
6066,5696.0,0.16666666666666652
6067,0.0,2.0
6068,5601.0,0.38095238095238093
6069,5590.0,1.0952380952380953
6070,0.0,2.0
6071,0.0,2.0
6072,5553.0,0.09523809523809523
6073,5663.0,0.1428571428571428
6074,5664.0,0.738095238095238
6075,0.0,2.0
6076,0.0,2.0
6077,0.0,2.0
6078,5532.0,0.1428571428571428
6079,0.0,2.0
6080,5379.0,0.8333333333333333
6081,0.0,2.0
6082,0.0,2.0
6083,5786.0,0.8571428571428571
6084,0.0,2.0
6085,0.0,2.0
6086,0.0,2.0
6087,0.0,2.0
6088,5480.0,0.8571428571428571
6089,5702.0,1.1904761904761905
6090,5673.0,0.33333333333333315
6091,5565.0,0.738095238095238
6092,0.0,2.0
6093,0.0,2.0
6094,5766.0,0.8571428571428571
6095,5572.0,0.2857142857142856
6096,0.0,2.0
6097,5591.0,0.6666666666666665
6098,5623.0,0.5952380952380951
6099,0.0,2.0
6100,0.0,2.0
6101,0.0,2.0
6102,5495.0,0.2142857142857142
6103,0.0,2.0
6104,0.0,2.0
6105,5487.0,0.19047619047619035
6106,5496.0,0.4285714285714285
6107,5807.0,0.11904761904761896
6108,0.0,2.0
6109,5563.0,0.7142857142857142
6110,0.0,2.0
6111,5554.0,0.5714285714285714
6112,0.0,2.0
6113,0.0,2.0
6114,0.0,2.0
6115,5772.0,1.666666666666667
6116,5689.0,0.7619047619047619
6117,0.0,2.0
6118,0.0,2.0
6119,0.0,2.0
6120,5416.0,1.3571428571428572
6121,0.0,2.0
6123,5666.0,0.7142857142857142
6124,0.0,2.0
6126,5714.0,1.2619047619047619
6127,5512.0,1.3333333333333335
6128,5808.0,0.5476190476190477
6129,0.0,2.0
6130,0.0,2.0
6131,5614.0,0.5476190476190477
6132,0.0,2.0
6133,0.0,2.0
6134,0.0,2.0
6135,0.0,2.0
6136,0.0,2.0
6137,0.0,2.0
6138,5528.0,0.5714285714285714
6139,5592.0,0.6666666666666665
6140,0.0,2.0
6141,0.0,2.0
6142,5534.0,0.738095238095238
6143,0.0,2.0
6144,5809.0,0.2857142857142856
6145,0.0,2.0
6146,5672.0,0.09523809523809523
6147,5613.0,0.5238095238095237
6148,0.0,2.0
6149,5796.0,0.16666666666666652
6150,5785.0,0.8809523809523809
6151,0.0,2.0
6152,0.0,2.0
6153,5749.0,0.6904761904761905
6154,0.0,2.0
6155,0.0,2.0
6156,5631.0,0.2142857142857142
6157,5583.0,0.19047619047619035
6158,5693.0,0.07142857142857129
6159,0.0,2.0
6160,0.0,2.0
6161,5659.0,0.2857142857142856
6162,5417.0,0.16666666666666652
6163,0.0,2.0
6164,0.0,2.0
6165,5607.0,0.26190476190476186
6166,5713.0,0.47619047619047605
6167,0.0,2.0
6168,5632.0,0.2142857142857142
6169,5832.0,0.5714285714285714
6170,0.0,2.0
6171,5780.0,0.19047619047619035
6172,5645.0,0.16666666666666652
6173,5650.0,0.11904761904761896
6175,0.0,2.0
6176,0.0,2.0
6177,0.0,2.0
6178,0.0,2.0
6179,0.0,2.0
6180,0.0,2.0
6181,0.0,2.0
6182,5542.0,0.4999999999999999
6183,5507.0,0.4999999999999999
6184,0.0,2.0
6185,5943.0,0.6428571428571428
6186,5919.0,0.5238095238095237
6187,0.0,2.0
6188,5737.0,0.23809523809523792
6189,0.0,2.0
6190,0.0,2.0
6191,5453.0,1.0714285714285714
6192,0.0,2.0
6193,0.0,2.0
6194,5543.0,0.23809523809523792
6195,0.0,2.0
6196,5950.0,0.2142857142857142
6197,5881.0,0.738095238095238
6198,0.0,2.0
6199,0.0,2.0
6200,0.0,2.0
6201,0.0,2.0
6202,0.0,2.0
6203,0.0,2.0
6204,0.0,2.0
6205,5850.0,0.04761904761904756
6206,0.0,2.0
6207,5698.0,0.19047619047619035
6208,5624.0,0.9285714285714286
6209,0.0,2.0
6210,5889.0,0.1428571428571428
6211,0.0,2.0
6212,0.0,2.0
6213,0.0,2.0
6214,0.0,2.0
6215,5568.0,0.23809523809523792
6216,0.0,2.0
6217,0.0,2.0
6218,5779.0,0.5714285714285714
6219,0.0,2.0
6220,5716.0,0.8571428571428571
6221,0.0,2.0
6222,5574.0,0.19047619047619035
6223,5621.0,0.9761904761904762
6224,5504.0,0.9523809523809523
6225,0.0,2.0
6226,0.0,2.0
6227,0.0,2.0
6228,0.0,2.0
6229,0.0,2.0
6230,5735.0,1.0
6231,5736.0,0.33333333333333315
6232,5741.0,0.023809523809523725
6233,5602.0,0.9285714285714286
6234,0.0,2.0
6235,0.0,2.0
6236,5603.0,0.45238095238095233
6237,5817.0,0.23809523809523792
6238,5681.0,0.45238095238095233
6239,5704.0,0.7857142857142857
6240,0.0,2.0
6241,0.0,2.0
6242,0.0,2.0
6243,5633.0,0.7142857142857142
6244,0.0,2.0
6245,0.0,2.0
6246,0.0,2.0
6247,0.0,2.0
6248,0.0,2.0
6249,5761.0,0.6428571428571428
6250,0.0,2.0
6251,0.0,2.0
6252,5637.0,0.619047619047619
6253,0.0,2.0
6255,5866.0,0.8571428571428571
6256,5773.0,0.9047619047619048
6257,0.0,2.0
6258,5767.0,0.9761904761904762
6260,5791.0,0.23809523809523792
6261,0.0,2.0
6262,5699.0,0.16666666666666652
6263,5708.0,0.19047619047619035
6264,5514.0,0.5952380952380951
6265,5788.0,0.3571428571428571
6266,0.0,2.0
6267,0.0,2.0
6268,5557.0,0.7619047619047619
6269,0.0,2.0
6270,5781.0,0.11904761904761896
6271,5658.0,0.7857142857142857
6272,5975.0,0.8095238095238095
6273,5816.0,0.19047619047619035
6274,0.0,2.0
6275,0.0,2.0
6276,5789.0,0.6904761904761905
6277,0.0,2.0
6278,5968.0,0.11904761904761896
6279,5790.0,0.6904761904761905
6280,5738.0,0.07142857142857129
6281,5740.0,0.19047619047619035
6282,5727.0,0.26190476190476186
6283,0.0,2.0
6284,5833.0,0.4999999999999999
6285,5760.0,0.8095238095238095
6286,5731.0,0.45238095238095233
6287,0.0,2.0
6288,0.0,2.0
6289,5604.0,0.6666666666666665
6291,5932.0,0.2857142857142856
6292,5899.0,0.5952380952380951
6293,0.0,2.0
6294,5774.0,1.0476190476190477
6295,5827.0,0.4999999999999999
6296,0.0,2.0
6297,5730.0,0.45238095238095233
6298,5667.0,0.09523809523809523
6299,0.0,2.0
6300,5930.0,0.09523809523809523
6301,0.0,2.0
6302,0.0,2.0
6303,5701.0,0.3571428571428571
6304,0.0,2.0
6305,0.0,2.0
6306,5755.0,0.38095238095238093
6307,5826.0,1.2380952380952381
6308,5717.0,0.2142857142857142
6309,0.0,2.0
6310,5777.0,0.16666666666666652
6311,0.0,2.0
6312,5931.0,0.47619047619047605
6313,5961.0,0.07142857142857129
6314,5907.0,0.5476190476190477
6315,0.0,2.0
6316,0.0,2.0
6317,0.0,2.0
6318,5891.0,0.8095238095238095
6319,0.0,2.0
6320,0.0,2.0
6321,5700.0,0.3095238095238094
6322,5596.0,0.738095238095238
6323,0.0,2.0
6324,6011.0,0.16666666666666652
6325,0.0,2.0
6326,0.0,2.0
6327,5674.0,0.4285714285714285
6328,0.0,2.0
6329,5801.0,0.8809523809523809
6330,5892.0,0.7619047619047619
6331,0.0,2.0
6332,5608.0,0.4999999999999999
6333,5904.0,0.23809523809523792
6334,0.0,2.0
6335,5858.0,0.5238095238095237
6336,5876.0,0.2142857142857142
6337,0.0,2.0
6338,5682.0,0.40476190476190466
6339,0.0,2.0
6340,0.0,2.0
6341,0.0,2.0
6342,5900.0,0.3571428571428571
6343,5890.0,0.8095238095238095
6344,0.0,2.0
6345,0.0,2.0
6346,5753.0,0.23809523809523792
6347,5660.0,0.5952380952380951
6348,0.0,2.0
6349,5875.0,0.23809523809523792
6350,5868.0,0.38095238095238093
6351,5818.0,0.6428571428571428
6352,5799.0,0.2142857142857142
6353,5813.0,1.0
6354,0.0,2.0
6355,0.0,2.0
6356,0.0,2.0
6357,5739.0,0.8809523809523809
6358,0.0,2.0
6359,0.0,2.0
6360,0.0,2.0
6361,0.0,2.0
6362,6093.0,0.11904761904761896
6363,5910.0,0.19047619047619035
6364,0.0,2.0
6365,5855.0,0.1428571428571428
6366,0.0,2.0
6367,0.0,2.0
6368,5883.0,0.09523809523809523
6369,6131.0,0.16666666666666652
6370,0.0,2.0
6371,0.0,2.0
6372,5841.0,0.3095238095238094
6373,0.0,2.0
6374,0.0,2.0
6375,0.0,2.0
6376,6012.0,1.0714285714285714
6377,0.0,2.0
6378,0.0,2.0
6379,0.0,2.0
6380,0.0,2.0
6381,0.0,2.0
6382,0.0,2.0
6383,0.0,2.0
6384,0.0,2.0
6385,0.0,2.0
6386,0.0,2.0
6387,0.0,2.0
6388,0.0,2.0
6389,5762.0,0.4285714285714285
6390,5951.0,0.3571428571428571
6391,5926.0,0.47619047619047605
6392,0.0,2.0
6393,5677.0,0.4285714285714285
6394,5860.0,0.23809523809523792
6395,0.0,2.0
6396,5690.0,0.3571428571428571
6397,0.0,2.0
6398,5874.0,0.2142857142857142
6399,0.0,2.0
6400,0.0,2.0
6401,0.0,2.0
6402,5882.0,0.7142857142857142
6403,5848.0,0.7619047619047619
6404,5857.0,0.7142857142857142
6405,6033.0,0.26190476190476186
6406,0.0,2.0
6407,5945.0,0.38095238095238093
6408,5845.0,1.0714285714285714
6409,5758.0,0.6666666666666665
6410,0.0,2.0
6411,0.0,2.0
6412,0.0,2.0
6413,5893.0,0.11904761904761896
6414,0.0,2.0
6415,5678.0,1.0
6416,6051.0,0.9285714285714286
6417,0.0,2.0
6418,5969.0,0.738095238095238
6419,0.0,2.0
6420,0.0,2.0
6421,0.0,2.0
6422,5776.0,0.3095238095238094
6423,0.0,2.0
6424,6070.0,0.1428571428571428
6425,0.0,2.0
6426,0.0,2.0
6427,5852.0,0.3571428571428571
6428,5869.0,0.09523809523809523
6429,5847.0,0.1428571428571428
6430,0.0,2.0
6431,0.0,2.0
6432,5721.0,1.5476190476190477
6433,5733.0,0.47619047619047605
6434,0.0,2.0
6435,6132.0,0.3095238095238094
6436,6025.0,0.19047619047619035
6437,0.0,2.0
6438,0.0,2.0
6439,0.0,2.0
6440,0.0,2.0
6441,0.0,2.0
6442,0.0,2.0
6443,6052.0,0.11904761904761896
6444,0.0,2.0
6445,5976.0,0.8571428571428571
6446,0.0,2.0
6447,0.0,2.0
6448,0.0,2.0
6449,0.0,2.0
6450,5764.0,0.04761904761904756
6451,6135.0,0.09523809523809523
6452,0.0,2.0
6453,6077.0,1.2857142857142858
6454,0.0,2.0
6455,5940.0,0.26190476190476186
6456,6006.0,0.26190476190476186
6457,0.0,2.0
6459,0.0,2.0
6460,6066.0,0.16666666666666652
6461,0.0,2.0
6462,5999.0,0.7619047619047619
6463,0.0,2.0
6464,5916.0,0.4285714285714285
6465,6191.0,0.47619047619047605
6466,0.0,2.0
6467,6045.0,0.3095238095238094
6468,0.0,2.0
6469,0.0,2.0
6470,0.0,2.0
6471,5894.0,0.4999999999999999
6472,6106.0,0.5714285714285714
6473,6143.0,0.11904761904761896
6474,0.0,2.0
6475,0.0,2.0
6476,0.0,2.0
6477,5936.0,0.09523809523809523
6478,0.0,2.0
6479,0.0,2.0
6480,0.0,2.0
6481,5928.0,0.3571428571428571
6482,0.0,2.0
6483,0.0,2.0
6484,0.0,2.0
6485,6216.0,0.3571428571428571
6486,0.0,2.0
6488,0.0,2.0
6489,5927.0,0.09523809523809523
6490,0.0,2.0
6492,5878.0,0.33333333333333315
6493,5765.0,0.7142857142857142
6494,6060.0,0.40476190476190466
6495,6028.0,0.40476190476190466
6496,0.0,2.0
6497,0.0,2.0
6498,5924.0,0.2142857142857142
6499,5886.0,0.07142857142857129
6500,0.0,2.0
6501,0.0,2.0
6502,0.0,2.0
6503,6007.0,0.8571428571428571
6504,0.0,2.0
6505,6080.0,0.5952380952380951
6506,6088.0,0.3571428571428571
6507,6035.0,0.19047619047619035
6508,0.0,2.0
6509,6020.0,0.3571428571428571
6510,0.0,2.0
6511,0.0,2.0
6512,5942.0,1.0952380952380953
6513,5870.0,0.5476190476190477
6514,5897.0,0.23809523809523792
6515,0.0,2.0
6516,0.0,2.0
6517,5888.0,1.2619047619047619
6518,0.0,2.0
6519,6121.0,0.4285714285714285
6520,5981.0,0.26190476190476186
6521,6071.0,0.6666666666666665
6522,6072.0,0.7619047619047619
6523,5965.0,0.38095238095238093
6524,5840.0,0.23809523809523792
6525,0.0,2.0
6526,5830.0,0.8809523809523809
6527,0.0,2.0
6528,0.0,2.0
6529,0.0,2.0
6530,5821.0,0.7619047619047619
6531,5849.0,0.38095238095238093
6532,0.0,2.0
6533,5918.0,0.4999999999999999
6534,6170.0,0.11904761904761896
6535,6185.0,0.4285714285714285
6536,5941.0,0.04761904761904756
6537,5953.0,0.16666666666666652
6538,6032.0,0.2857142857142856
6539,0.0,2.0
6540,0.0,2.0
6541,0.0,2.0
6542,0.0,2.0
6543,0.0,2.0
6544,6047.0,0.2857142857142856
6545,5993.0,1.0476190476190477
6546,0.0,2.0
6547,0.0,2.0
6548,6253.0,0.19047619047619035
6549,0.0,2.0
6550,0.0,2.0
6551,6042.0,0.11904761904761896
6552,0.0,2.0
6553,0.0,2.0
6554,5967.0,0.47619047619047605
6555,0.0,2.0
6556,6046.0,0.5476190476190477
6557,6096.0,0.5238095238095237
6558,5956.0,0.1428571428571428
6559,0.0,2.0
6560,0.0,2.0
6561,6235.0,0.09523809523809523
6562,6208.0,0.4999999999999999
6563,0.0,2.0
6564,0.0,2.0
6565,0.0,2.0
6566,0.0,2.0
6567,6041.0,0.40476190476190466
6568,0.0,2.0
6569,0.0,2.0
6570,6138.0,0.2857142857142856
6571,5935.0,0.23809523809523792
6572,0.0,2.0
6573,5861.0,0.3571428571428571
6574,6289.0,0.19047619047619035
6575,6221.0,0.3095238095238094
6576,0.0,2.0
6577,0.0,2.0
6578,0.0,2.0
6579,0.0,2.0
6580,6008.0,0.47619047619047605
6581,0.0,2.0
6582,6310.0,0.07142857142857129
6583,0.0,2.0
6584,6089.0,0.7857142857142857
6585,0.0,2.0
6586,6029.0,0.23809523809523792
6587,0.0,2.0
6588,0.0,2.0
6589,0.0,2.0
6590,0.0,2.0
6591,0.0,2.0
6592,6113.0,0.3095238095238094
6593,0.0,2.0
6594,0.0,2.0
6595,0.0,2.0
6596,6031.0,0.1428571428571428
6597,5863.0,0.8571428571428571
6598,0.0,2.0
6599,6063.0,0.1428571428571428
6600,6058.0,0.07142857142857129
6601,0.0,2.0
6602,0.0,2.0
6603,0.0,2.0
6604,0.0,2.0
6605,6004.0,1.2142857142857144
6606,0.0,2.0
6607,6261.0,0.2857142857142856
6608,6323.0,0.023809523809523725
6609,0.0,2.0
6610,6155.0,0.47619047619047605
6611,6013.0,0.4285714285714285
6612,5937.0,0.5238095238095237
6613,5872.0,0.5714285714285714
6614,6114.0,0.3095238095238094
6615,0.0,2.0
6616,6204.0,0.5476190476190477
6617,6043.0,1.0476190476190477
6618,0.0,2.0
6619,0.0,2.0
6620,5983.0,0.19047619047619035
6621,6009.0,0.6666666666666665
6622,5958.0,0.619047619047619
6623,0.0,2.0
6624,0.0,2.0
6625,6145.0,0.23809523809523792
6626,6177.0,0.19047619047619035
6627,0.0,2.0
6628,0.0,2.0
6629,0.0,2.0
6630,5994.0,0.09523809523809523
6631,0.0,2.0
6632,0.0,2.0
6633,6209.0,0.11904761904761896
6634,0.0,2.0
6635,0.0,2.0
6636,0.0,2.0
6637,6086.0,0.2142857142857142
6638,0.0,2.0
6639,0.0,2.0
6640,6083.0,0.3095238095238094
6641,0.0,2.0
6642,5984.0,0.45238095238095233
6643,6249.0,1.0952380952380953
6644,6225.0,0.1428571428571428
6645,6254.0,0.16666666666666652
6646,0.0,2.0
6647,6193.0,0.9047619047619048
6648,6081.0,0.04761904761904756
6649,6178.0,0.23809523809523792
6650,0.0,2.0
6651,0.0,2.0
6652,6282.0,0.11904761904761896
6653,0.0,2.0
6654,0.0,2.0
6655,6275.0,0.738095238095238
6656,6133.0,0.4999999999999999
6657,0.0,2.0
6658,0.0,2.0
6659,6394.0,0.11904761904761896
6660,0.0,2.0
6661,0.0,2.0
6662,0.0,2.0
6663,0.0,2.0
6664,6065.0,0.38095238095238093
6665,6068.0,1.0238095238095237
6666,0.0,2.0
6667,0.0,2.0
6668,6299.0,0.07142857142857129
6669,6224.0,0.2857142857142856
6671,6244.0,0.5952380952380951
6672,6158.0,1.0238095238095237
6673,6099.0,0.33333333333333315
6674,0.0,2.0
6675,0.0,2.0
6677,0.0,2.0
6678,0.0,2.0
6679,0.0,2.0
6680,6001.0,0.47619047619047605
6681,0.0,2.0
6682,6105.0,0.4999999999999999
6683,6110.0,0.5952380952380951
6684,0.0,2.0
6685,0.0,2.0
6686,6050.0,0.5238095238095237
6687,0.0,2.0
6688,6236.0,0.8809523809523809
6689,6187.0,0.23809523809523792
6690,6163.0,0.26190476190476186
6691,6091.0,1.3333333333333335
6692,6003.0,1.5952380952380953
6694,6116.0,0.2142857142857142
6695,6223.0,0.40476190476190466
6696,6192.0,0.4285714285714285
6697,6139.0,0.16666666666666652
6698,0.0,2.0
6699,6415.0,0.1428571428571428
6700,6202.0,0.4285714285714285
6701,0.0,2.0
6702,0.0,2.0
6703,0.0,2.0
6704,6075.0,0.5714285714285714
6705,0.0,2.0
6706,0.0,2.0
6707,0.0,2.0
6708,0.0,2.0
6709,0.0,2.0
6710,0.0,2.0
6711,6302.0,0.45238095238095233
6712,6195.0,0.11904761904761896
6713,6188.0,0.8571428571428571
6714,0.0,2.0
6715,0.0,2.0
6716,6360.0,0.45238095238095233
6717,6301.0,0.5238095238095237
6718,0.0,2.0
6719,6333.0,0.40476190476190466
6720,0.0,2.0
6721,0.0,2.0
6722,6315.0,0.19047619047619035
6723,6082.0,0.23809523809523792
6724,0.0,2.0
6725,6078.0,0.5238095238095237
6726,0.0,2.0
6727,6055.0,1.1904761904761905
6728,6079.0,0.38095238095238093
6729,6513.0,0.5952380952380951
6730,6283.0,0.9523809523809523
6731,6388.0,0.6666666666666665
6732,0.0,2.0
6733,6166.0,0.4999999999999999
6734,0.0,2.0
6735,0.0,2.0
6736,6422.0,0.23809523809523792
6737,0.0,2.0
6738,6300.0,0.5238095238095237
6739,0.0,2.0
6740,6324.0,0.8571428571428571
6741,6362.0,0.6428571428571428
6742,6152.0,0.09523809523809523
6743,0.0,2.0
6744,0.0,2.0
6745,6276.0,0.1428571428571428
6746,0.0,2.0
6747,0.0,2.0
6748,0.0,2.0
6749,6226.0,0.26190476190476186
6750,6246.0,0.09523809523809523
6751,0.0,2.0
6752,0.0,2.0
6753,0.0,2.0
6754,6294.0,0.3571428571428571
6755,6263.0,0.619047619047619
6756,6268.0,0.40476190476190466
6757,0.0,2.0
6758,6059.0,0.45238095238095233
6759,0.0,2.0
6760,0.0,2.0
6761,0.0,2.0
6762,6367.0,0.7619047619047619
6763,0.0,2.0
6764,0.0,2.0
6765,6303.0,0.04761904761904756
6766,0.0,2.0
6767,6074.0,0.16666666666666652
6768,6002.0,0.7619047619047619
6769,6476.0,0.738095238095238
6770,0.0,2.0
6771,6342.0,0.5476190476190477
6772,6381.0,0.2142857142857142
6773,0.0,2.0
6774,0.0,2.0
6775,0.0,2.0
6776,0.0,2.0
6777,0.0,2.0
6778,0.0,2.0
6779,0.0,2.0
6780,0.0,2.0
6781,0.0,2.0
6782,0.0,2.0
6783,0.0,2.0
6784,6477.0,0.07142857142857129
6785,6490.0,0.23809523809523792
6786,6398.0,0.04761904761904756
6787,0.0,2.0
6788,0.0,2.0
6789,6238.0,0.7857142857142857
6790,6197.0,0.6428571428571428
6791,6210.0,0.3571428571428571
6792,0.0,2.0
6793,0.0,2.0
6794,0.0,2.0
6795,0.0,2.0
6796,6250.0,0.1428571428571428
6797,0.0,2.0
6798,6257.0,0.23809523809523792
6799,6286.0,0.1428571428571428
6800,6314.0,0.3095238095238094
6801,6199.0,0.23809523809523792
6802,0.0,2.0
6803,6245.0,0.6428571428571428
6804,0.0,2.0
6805,6285.0,0.3095238095238094
6806,0.0,2.0
6807,6149.0,0.9047619047619048
6808,0.0,2.0
6809,6175.0,0.8571428571428571
6810,6379.0,0.45238095238095233
6811,6332.0,0.19047619047619035
6812,6295.0,0.33333333333333315
6813,6334.0,0.47619047619047605
6814,0.0,2.0
6815,6240.0,0.5952380952380951
6816,6129.0,0.8095238095238095
6817,0.0,2.0
6818,0.0,2.0
6819,6380.0,0.1428571428571428
6820,6279.0,0.0
6821,6252.0,0.7142857142857142
6823,6171.0,0.1428571428571428
6824,0.0,2.0
6825,0.0,2.0
6826,0.0,2.0
6827,0.0,2.0
6828,6598.0,0.2857142857142856
6829,6577.0,1.0476190476190477
6830,0.0,2.0
6831,6311.0,0.5952380952380951
6832,0.0,2.0
6833,6313.0,0.09523809523809523
6834,0.0,2.0
6835,6264.0,0.5952380952380951
6836,0.0,2.0
6837,6361.0,0.40476190476190466
6838,6417.0,0.9761904761904762
6839,6484.0,0.5238095238095237
6840,0.0,2.0
6841,6160.0,0.2142857142857142
6843,6385.0,0.5238095238095237
6844,6326.0,0.5238095238095237
6845,6258.0,0.23809523809523792
6846,0.0,2.0
6847,6126.0,0.6666666666666665
6848,6128.0,0.4285714285714285
6849,6076.0,1.2380952380952381
6850,0.0,2.0
6851,0.0,2.0
6852,0.0,2.0
6853,0.0,2.0
6854,6544.0,0.8333333333333333
6855,0.0,2.0
6856,6111.0,0.9523809523809523
6857,0.0,2.0
6858,6387.0,0.09523809523809523
6859,6382.0,0.26190476190476186
6860,6265.0,1.0714285714285714
6861,0.0,2.0
6862,0.0,2.0
6863,0.0,2.0
6864,0.0,2.0
6865,0.0,2.0
6866,6493.0,0.8333333333333333
6867,6449.0,0.3571428571428571
6868,0.0,2.0
6869,6328.0,0.2857142857142856
6870,6270.0,0.4999999999999999
6871,0.0,2.0
6872,0.0,2.0
6873,6492.0,0.38095238095238093
6874,6371.0,0.5238095238095237
6875,0.0,2.0
6876,0.0,2.0
6877,6618.0,0.1428571428571428
6878,6479.0,0.6666666666666665
6879,6549.0,0.26190476190476186
6880,0.0,2.0
6881,0.0,2.0
6882,0.0,2.0
6883,6372.0,0.16666666666666652
6884,0.0,2.0
6885,0.0,2.0
6886,0.0,2.0
6887,0.0,2.0
6888,0.0,2.0
6889,6494.0,0.3095238095238094
6890,0.0,2.0
6891,0.0,2.0
6892,0.0,2.0
6894,6413.0,0.619047619047619
6895,0.0,2.0
6896,6288.0,0.19047619047619035
6897,0.0,2.0
6898,6198.0,0.2857142857142856
6899,0.0,2.0
6900,0.0,2.0
6901,0.0,2.0
6902,6451.0,0.19047619047619035
6903,6389.0,0.5952380952380951
6904,6337.0,0.19047619047619035
6905,0.0,2.0
6906,0.0,2.0
6907,0.0,2.0
6908,0.0,2.0
6909,6609.0,0.33333333333333315
6910,6491.0,0.2857142857142856
6911,6565.0,0.19047619047619035
6912,6459.0,0.5714285714285714
6913,0.0,2.0
6914,6297.0,0.6666666666666665
6915,0.0,2.0
6916,0.0,2.0
6917,0.0,2.0
6918,0.0,2.0
6919,6536.0,1.1666666666666667
6920,0.0,2.0
6921,6298.0,0.23809523809523792
6922,0.0,2.0
6923,6597.0,0.4999999999999999
6924,6576.0,0.7857142857142857
6925,0.0,2.0
6926,0.0,2.0
6927,6430.0,0.5952380952380951
6928,0.0,2.0
6929,0.0,2.0
6930,0.0,2.0
6931,0.0,2.0
6932,6338.0,0.3571428571428571
6933,6213.0,0.38095238095238093
6935,0.0,2.0
6936,0.0,2.0
6937,0.0,2.0
6938,6260.0,0.9047619047619048
6939,0.0,2.0
6940,6448.0,0.33333333333333315
6941,6521.0,0.33333333333333315
6942,6271.0,0.38095238095238093
6943,6321.0,0.45238095238095233
6944,6512.0,0.26190476190476186
6945,0.0,2.0
6946,0.0,2.0
6947,0.0,2.0
6948,0.0,2.0
6949,6363.0,0.023809523809523725
6950,0.0,2.0
6951,0.0,2.0
6952,0.0,2.0
6953,6599.0,0.07142857142857129
6954,6501.0,0.6904761904761905
6955,0.0,2.0
6956,0.0,2.0
6957,6465.0,0.619047619047619
6958,6373.0,0.6666666666666665
6959,0.0,2.0
6960,0.0,2.0
6961,6660.0,0.3571428571428571
6962,0.0,2.0
6963,0.0,2.0
6964,0.0,2.0
6965,6353.0,0.4285714285714285
6966,0.0,2.0
6967,0.0,2.0
6968,0.0,2.0
6969,6347.0,0.19047619047619035
6970,0.0,2.0
6971,6242.0,0.8571428571428571
6972,6686.0,0.04761904761904756
6973,0.0,2.0
6974,0.0,2.0
6975,0.0,2.0
6976,6391.0,0.2142857142857142
6977,0.0,2.0
6978,6639.0,0.2142857142857142
6979,6626.0,0.04761904761904756
6980,0.0,2.0
6981,6604.0,0.45238095238095233
6982,0.0,2.0
6983,0.0,2.0
6984,0.0,2.0
6985,6153.0,0.33333333333333315
6986,6348.0,1.1904761904761905
6987,6703.0,0.19047619047619035
6988,0.0,2.0
6989,0.0,2.0
6990,0.0,2.0
6991,6485.0,0.26190476190476186
6992,0.0,2.0
6993,0.0,2.0
6994,6287.0,0.38095238095238093
6995,6395.0,0.47619047619047605
6996,6406.0,0.5476190476190477
6997,0.0,2.0
6998,6664.0,0.5476190476190477
6999,0.0,2.0
7000,0.0,2.0
7001,6537.0,0.7142857142857142
7002,6538.0,0.1428571428571428
7003,6376.0,0.7857142857142857
7004,0.0,2.0
7005,0.0,2.0
7007,6495.0,0.1428571428571428
7008,6572.0,0.19047619047619035
7009,0.0,2.0
7010,6352.0,0.7619047619047619
7011,0.0,2.0
7012,6377.0,0.3571428571428571
7013,6523.0,0.5238095238095237
7014,0.0,2.0
7015,0.0,2.0
7016,6340.0,0.5238095238095237
7017,0.0,2.0
7018,6316.0,0.6666666666666665
7019,0.0,2.0
7020,0.0,2.0
7021,6322.0,0.26190476190476186
7022,0.0,2.0
7023,6519.0,0.16666666666666652
7024,6619.0,0.619047619047619
7026,6390.0,0.5476190476190477
7027,0.0,2.0
7028,0.0,2.0
7029,6319.0,0.2142857142857142
7030,6596.0,1.1428571428571428
7031,6691.0,1.2857142857142858
7032,0.0,2.0
7033,0.0,2.0
7034,6630.0,0.5714285714285714
7035,6471.0,0.4285714285714285
7036,6438.0,0.38095238095238093
7037,0.0,2.0
7038,6375.0,0.40476190476190466
7039,6320.0,0.5238095238095237
7040,0.0,2.0
7041,0.0,2.0
7042,0.0,2.0
7043,6444.0,0.11904761904761896
7044,6633.0,0.45238095238095233
7045,0.0,2.0
7046,0.0,2.0
7047,6641.0,0.5952380952380951
7048,6553.0,0.5238095238095237
7049,0.0,2.0
7050,6498.0,0.23809523809523792
7051,0.0,2.0
7052,0.0,2.0
7053,0.0,2.0
7054,6317.0,0.26190476190476186
7055,6627.0,0.023809523809523725
7056,6766.0,0.16666666666666652
7057,6579.0,0.40476190476190466
7058,0.0,2.0
7059,0.0,2.0
7060,6514.0,0.19047619047619035
7061,0.0,2.0
7062,6445.0,0.7619047619047619
7063,6374.0,0.47619047619047605
7064,0.0,2.0
7065,6392.0,0.9047619047619048
7066,0.0,2.0
7067,6629.0,0.2857142857142856
7068,6620.0,0.7857142857142857
7069,0.0,2.0
7070,0.0,2.0
7071,0.0,2.0
7072,0.0,2.0
7073,6727.0,0.8333333333333333
7074,0.0,2.0
7075,6605.0,0.3571428571428571
7076,6435.0,0.2142857142857142
7077,6738.0,0.9761904761904762
7078,6645.0,0.09523809523809523
7079,6407.0,0.6428571428571428
7080,6460.0,0.6666666666666665
7081,0.0,2.0
7082,6335.0,0.45238095238095233
7083,6365.0,0.9285714285714286
7084,0.0,2.0
7085,6588.0,0.40476190476190466
7087,0.0,2.0
7088,6503.0,0.8095238095238095
7089,0.0,2.0
7090,6439.0,0.7142857142857142
7091,0.0,2.0
7092,0.0,2.0
7093,0.0,2.0
7094,6771.0,0.11904761904761896
7095,0.0,2.0
7096,0.0,2.0
7097,0.0,2.0
7098,6610.0,0.26190476190476186
7099,6487.0,0.33333333333333315
7100,0.0,2.0
7101,6780.0,0.8095238095238095
7102,0.0,2.0
7103,0.0,2.0
7104,0.0,2.0
7105,0.0,2.0
7106,0.0,2.0
7107,0.0,2.0
7108,0.0,2.0
7109,6677.0,0.2857142857142856
7110,0.0,2.0
7111,6670.0,0.6666666666666665
7112,0.0,2.0
7113,6473.0,0.04761904761904756
7114,6692.0,0.5476190476190477
7115,0.0,2.0
7116,0.0,2.0
7117,6556.0,0.7142857142857142
7118,6600.0,0.5476190476190477
7119,6601.0,0.04761904761904756
7120,6525.0,0.6428571428571428
7121,0.0,2.0
7122,0.0,2.0
7123,6739.0,1.0
7124,0.0,2.0
7125,6642.0,0.19047619047619035
7126,6679.0,0.5476190476190477
7127,6573.0,0.1428571428571428
7128,6516.0,0.619047619047619
7129,0.0,2.0
7130,6674.0,0.4285714285714285
7131,6621.0,0.16666666666666652
7132,0.0,2.0
7133,6607.0,0.9285714285714286
7134,6539.0,0.33333333333333315
7135,0.0,2.0
7136,0.0,2.0
7137,6795.0,0.3571428571428571
7138,6697.0,0.23809523809523792
7139,0.0,2.0
7140,6541.0,0.7619047619047619
7141,0.0,2.0
7142,0.0,2.0
7143,6566.0,0.11904761904761896
7144,0.0,2.0
7145,0.0,2.0
7146,0.0,2.0
7147,6446.0,0.38095238095238093
7148,6421.0,0.6428571428571428
7149,0.0,2.0
7150,6728.0,1.3095238095238095
7151,6550.0,0.6904761904761905
7152,6651.0,0.38095238095238093
7153,6433.0,0.38095238095238093
7154,0.0,2.0
7155,6542.0,1.0476190476190477
7156,6767.0,0.023809523809523725
7157,6758.0,0.1428571428571428
7158,0.0,2.0
7159,6589.0,0.6904761904761905
7160,0.0,2.0
7161,0.0,2.0
7162,0.0,2.0
7163,0.0,2.0
7164,6612.0,0.023809523809523725
7165,0.0,2.0
7166,0.0,2.0
7167,0.0,2.0
7168,0.0,2.0
7169,6819.0,0.9523809523809523
7170,6781.0,0.5238095238095237
7171,0.0,2.0
7172,6811.0,0.38095238095238093
7173,6797.0,0.38095238095238093
7174,0.0,2.0
7175,6769.0,0.23809523809523792
7176,6557.0,0.23809523809523792
7177,0.0,2.0
7178,6835.0,0.26190476190476186
7179,6782.0,0.47619047619047605
7180,6774.0,0.738095238095238
7181,0.0,2.0
7182,0.0,2.0
7183,0.0,2.0
7184,0.0,2.0
7185,0.0,2.0
7186,6751.0,0.3571428571428571
7187,0.0,2.0
7188,0.0,2.0
7189,6499.0,0.4999999999999999
7190,6590.0,0.8095238095238095
7191,6613.0,0.2857142857142856
7192,6505.0,0.7619047619047619
7193,6561.0,0.19047619047619035
7194,6768.0,0.07142857142857129
7195,0.0,2.0
7196,6634.0,0.5238095238095237
7197,0.0,2.0
7198,0.0,2.0
7199,6608.0,0.9047619047619048
7200,6466.0,0.5238095238095237
7201,0.0,2.0
7202,0.0,2.0
7203,6693.0,0.5238095238095237
7204,0.0,2.0
7205,0.0,2.0
7206,6515.0,0.4999999999999999
7207,0.0,2.0
7208,6773.0,0.07142857142857129
7209,0.0,2.0
7210,0.0,2.0
7211,6700.0,0.33333333333333315
7212,0.0,2.0
7213,0.0,2.0
7214,6731.0,1.3095238095238095
7215,6517.0,1.1666666666666667
7216,0.0,2.0
7217,6864.0,0.2857142857142856
7218,0.0,2.0
7219,0.0,2.0
7220,0.0,2.0
7221,0.0,2.0
7222,6652.0,0.47619047619047605
7223,6559.0,0.47619047619047605
7224,0.0,2.0
7225,6836.0,0.23809523809523792
7226,0.0,2.0
7227,0.0,2.0
7228,6648.0,0.3571428571428571
7229,6759.0,0.2142857142857142
7230,0.0,2.0
7231,0.0,2.0
7233,6802.0,0.7619047619047619
7234,6708.0,0.40476190476190466
7235,0.0,2.0
7236,6893.0,0.09523809523809523
7237,0.0,2.0
7238,6742.0,0.5476190476190477
7239,0.0,2.0
7240,6920.0,0.09523809523809523
7241,0.0,2.0
7242,6707.0,0.9761904761904762
7243,6784.0,0.0
7244,0.0,2.0
7245,0.0,2.0
7246,0.0,2.0
7247,0.0,2.0
7248,0.0,2.0
7249,0.0,2.0
7250,6783.0,0.11904761904761896
7251,6680.0,0.47619047619047605
7252,0.0,2.0
7253,0.0,2.0
7254,6895.0,0.6904761904761905
7255,6798.0,0.7619047619047619
7256,6804.0,0.5238095238095237
7257,0.0,2.0
7258,6646.0,0.738095238095238
7259,0.0,2.0
7260,0.0,2.0
7261,0.0,2.0
7262,0.0,2.0
7264,6776.0,1.1428571428571428
7266,0.0,2.0
7267,0.0,2.0
7268,6637.0,0.7619047619047619
7269,0.0,2.0
7270,6414.0,0.47619047619047605
7271,0.0,2.0
7272,0.0,2.0
7273,6724.0,0.09523809523809523
7274,0.0,2.0
7275,6734.0,1.0476190476190477
7276,6585.0,0.09523809523809523
7277,6929.0,0.11904761904761896
7278,0.0,2.0
7279,6716.0,0.3571428571428571
7280,6694.0,0.23809523809523792
7281,0.0,2.0
7282,6656.0,0.23809523809523792
7283,6574.0,0.11904761904761896
7284,0.0,2.0
7285,6568.0,0.5714285714285714
7286,0.0,2.0
7287,6954.0,0.2857142857142856
7288,6880.0,0.619047619047619
7289,0.0,2.0
7290,0.0,2.0
7291,0.0,2.0
7292,0.0,2.0
7293,0.0,2.0
7294,6887.0,0.023809523809523725
7295,6922.0,0.3095238095238094
7296,0.0,2.0
7297,0.0,2.0
7298,0.0,2.0
7299,0.0,2.0
7300,6841.0,0.3571428571428571
7301,6861.0,0.07142857142857129
7302,6786.0,0.2142857142857142
7303,6720.0,1.2619047619047619
7304,0.0,2.0
7305,6850.0,0.5238095238095237
7306,0.0,2.0
7307,6655.0,0.45238095238095233
7308,0.0,2.0
7309,7048.0,0.33333333333333315
7310,0.0,2.0
7311,0.0,2.0
7312,6799.0,0.619047619047619
7313,6732.0,0.38095238095238093
7314,0.0,2.0
7315,6719.0,0.19047619047619035
7316,0.0,2.0
7317,0.0,2.0
7318,6729.0,0.5476190476190477
7319,6696.0,0.33333333333333315
7320,0.0,2.0
7321,0.0,2.0
7322,0.0,2.0
7323,6748.0,0.23809523809523792
7324,7032.0,0.5714285714285714
7325,0.0,2.0
7326,6812.0,0.38095238095238093
7327,0.0,2.0
7328,0.0,2.0
7329,6747.0,0.40476190476190466
7331,0.0,2.0
7332,0.0,2.0
7333,6986.0,0.6666666666666665
7334,0.0,2.0
7335,6874.0,0.11904761904761896
7336,6832.0,0.5476190476190477
7337,6785.0,0.23809523809523792
7338,0.0,2.0
7339,6681.0,0.6904761904761905
7340,0.0,2.0
7341,6726.0,0.1428571428571428
7342,0.0,2.0
7343,0.0,2.0
7344,0.0,2.0
7345,6941.0,0.33333333333333315
7346,0.0,2.0
7347,6644.0,0.4285714285714285
7349,7006.0,0.619047619047619
7350,0.0,2.0
7351,0.0,2.0
7352,6690.0,0.26190476190476186
7354,7022.0,0.5238095238095237
7355,0.0,2.0
7356,6930.0,0.4285714285714285
7357,6842.0,0.26190476190476186
7358,6987.0,0.09523809523809523
7359,6937.0,0.26190476190476186
7360,0.0,2.0
7361,6991.0,0.3571428571428571
7363,0.0,2.0
7364,6889.0,0.1428571428571428
7366,0.0,2.0
7367,0.0,2.0
7368,6666.0,0.5476190476190477
7370,0.0,2.0
7371,6923.0,1.0714285714285714
7372,0.0,2.0
7373,0.0,2.0
7374,0.0,2.0
7375,6755.0,1.1904761904761905
7376,0.0,2.0
7377,6685.0,0.7142857142857142
7378,0.0,2.0
7379,0.0,2.0
7380,0.0,2.0
7381,6999.0,0.5714285714285714
7382,0.0,2.0
7383,6873.0,0.6666666666666665
7384,0.0,2.0
7385,0.0,2.0
7386,6916.0,0.26190476190476186
7387,0.0,2.0
7388,0.0,2.0
7389,0.0,2.0
7391,0.0,2.0
7392,6979.0,0.2857142857142856
7393,6733.0,0.45238095238095233
7394,6745.0,0.6428571428571428
7395,0.0,2.0
7396,6684.0,0.16666666666666652
7397,0.0,2.0
7398,6990.0,0.47619047619047605
7399,0.0,2.0
7400,6913.0,0.40476190476190466
7401,0.0,2.0
7402,6765.0,0.2857142857142856
7403,6823.0,0.5238095238095237
7404,6837.0,0.3571428571428571
7405,0.0,2.0
7406,0.0,2.0
7407,7078.0,0.4999999999999999
7408,7007.0,0.04761904761904756
7409,0.0,2.0
7410,0.0,2.0
7411,6701.0,0.7619047619047619
7412,0.0,2.0
7413,0.0,2.0
7414,0.0,2.0
7415,0.0,2.0
7416,0.0,2.0
7417,0.0,2.0
7418,6963.0,0.6428571428571428
7419,0.0,2.0
7420,0.0,2.0
7421,0.0,2.0
7422,0.0,2.0
7423,6667.0,0.5238095238095237
7424,6657.0,0.8809523809523809
7425,0.0,2.0
7426,7105.0,0.04761904761904756
7427,7023.0,0.19047619047619035
7428,0.0,2.0
7429,0.0,2.0
7430,6806.0,0.33333333333333315
7431,6855.0,1.0238095238095237
7432,6710.0,0.6666666666666665
7433,7056.0,0.19047619047619035
7434,6977.0,0.40476190476190466
7435,0.0,2.0
7436,6881.0,0.1428571428571428
7437,7197.0,0.16666666666666652
7438,0.0,2.0
7439,7002.0,0.5952380952380951
7440,0.0,2.0
7441,6876.0,0.47619047619047605
7442,0.0,2.0
7443,6822.0,0.6428571428571428
7444,0.0,2.0
7445,0.0,2.0
7446,0.0,2.0
7447,6852.0,0.6666666666666665
7448,0.0,2.0
7449,6998.0,0.04761904761904756
7450,6985.0,0.5476190476190477
7451,0.0,2.0
7452,6897.0,0.38095238095238093
7453,6882.0,0.5476190476190477
7454,6856.0,0.5238095238095237
7455,0.0,2.0
7456,0.0,2.0
7457,7043.0,0.23809523809523792
7458,7165.0,0.33333333333333315
7459,7036.0,0.3571428571428571
7460,6992.0,0.26190476190476186
7461,0.0,2.0
7462,0.0,2.0
7463,0.0,2.0
7464,6934.0,0.2142857142857142
7465,6829.0,0.738095238095238
7466,6830.0,0.8571428571428571
7467,0.0,2.0
7468,0.0,2.0
7469,0.0,2.0
7470,0.0,2.0
7471,6942.0,0.2857142857142856
7472,6760.0,0.619047619047619
7473,0.0,2.0
7474,6820.0,0.11904761904761896
7475,6761.0,0.7857142857142857
7476,0.0,2.0
7477,0.0,2.0
7478,0.0,2.0
7479,6912.0,0.04761904761904756
7480,0.0,2.0
7481,6924.0,0.619047619047619
7482,0.0,2.0
7483,0.0,2.0
7484,0.0,2.0
7485,7027.0,0.6904761904761905
7486,0.0,2.0
7488,0.0,2.0
7489,0.0,2.0
7490,7185.0,0.04761904761904756
7491,0.0,2.0
7492,7141.0,0.3095238095238094
7493,7068.0,0.16666666666666652
7494,0.0,2.0
7495,6898.0,0.2857142857142856
7496,0.0,2.0
7497,6817.0,0.2857142857142856
7498,0.0,2.0
7499,0.0,2.0
7500,0.0,2.0
7501,6877.0,0.2142857142857142
7502,0.0,2.0
7503,6869.0,0.11904761904761896
7504,7176.0,0.5714285714285714
7505,7217.0,0.11904761904761896
7506,0.0,2.0
7507,6945.0,0.5238095238095237
7508,6809.0,0.7857142857142857
7509,0.0,2.0
7510,7134.0,0.16666666666666652
7511,6932.0,0.04761904761904756
7512,6939.0,1.2380952380952381
7513,0.0,2.0
7514,0.0,2.0
7515,7140.0,0.2142857142857142
7516,0.0,2.0
7517,7038.0,0.5952380952380951
7518,6973.0,0.19047619047619035
7519,0.0,2.0
7520,0.0,2.0
7521,0.0,2.0
7522,6828.0,0.5714285714285714
7523,7156.0,0.9761904761904762
7524,7126.0,0.1428571428571428
7525,0.0,2.0
7526,0.0,2.0
7527,0.0,2.0
7528,0.0,2.0
7529,0.0,2.0
7530,7010.0,1.0476190476190477
7531,6867.0,0.2857142857142856
7533,6878.0,0.19047619047619035
7534,0.0,2.0
7535,0.0,2.0
7536,0.0,2.0
7537,0.0,2.0
7538,7069.0,0.1428571428571428
7539,0.0,2.0
7540,6868.0,0.5714285714285714
7541,0.0,2.0
7542,0.0,2.0
7543,0.0,2.0
7544,0.0,2.0
7545,0.0,2.0
7546,7106.0,0.6904761904761905
7547,6956.0,0.1428571428571428
7548,0.0,2.0
7549,0.0,2.0
7550,6917.0,0.45238095238095233
7551,0.0,2.0
7552,0.0,2.0
7553,6952.0,0.5476190476190477
7554,0.0,2.0
7555,6848.0,0.5476190476190477
7556,7115.0,0.2142857142857142
7557,0.0,2.0
7558,0.0,2.0
7559,7117.0,0.7619047619047619
7560,7057.0,0.5952380952380951
7561,0.0,2.0
7562,6993.0,0.04761904761904756
7563,6863.0,0.4285714285714285
7564,0.0,2.0
7565,7081.0,0.4285714285714285
7566,6994.0,0.47619047619047605
7567,0.0,2.0
7568,7212.0,0.4999999999999999
7569,7133.0,0.1428571428571428
7570,7099.0,0.19047619047619035
7571,0.0,2.0
7572,0.0,2.0
7574,0.0,2.0
7575,6974.0,0.4285714285714285
7576,6969.0,0.19047619047619035
7577,6779.0,0.47619047619047605
7578,0.0,2.0
7579,6914.0,0.4285714285714285
7580,0.0,2.0
7581,7013.0,1.2142857142857144
7582,0.0,2.0
7583,7107.0,0.7857142857142857
7584,0.0,2.0
7585,0.0,2.0
7586,0.0,2.0
7587,6818.0,1.0238095238095237
7588,0.0,2.0
7589,0.0,2.0
7590,7179.0,0.16666666666666652
7591,7150.0,0.33333333333333315
7592,0.0,2.0
7593,0.0,2.0
7594,6981.0,0.2857142857142856
7596,0.0,2.0
7597,0.0,2.0
7598,0.0,2.0
7599,6961.0,1.0476190476190477
7600,7111.0,0.19047619047619035
7601,0.0,2.0
7602,0.0,2.0
7603,0.0,2.0
7604,0.0,2.0
7605,0.0,2.0
7606,7116.0,0.09523809523809523
7607,7100.0,0.5238095238095237
7608,7167.0,0.23809523809523792
7609,7070.0,0.26190476190476186
7610,0.0,2.0
7611,6959.0,0.4999999999999999
7612,0.0,2.0
7613,7149.0,0.07142857142857129
7614,0.0,2.0
7615,0.0,2.0
7616,7118.0,0.4285714285714285
7617,7095.0,0.38095238095238093
7618,0.0,2.0
7619,7041.0,0.738095238095238
7620,0.0,2.0
7621,0.0,2.0
7622,0.0,2.0
7623,7198.0,0.2142857142857142
7624,0.0,2.0
7625,0.0,2.0
7626,6995.0,0.26190476190476186
7627,0.0,2.0
7628,6890.0,0.19047619047619035
7629,6899.0,1.0714285714285714
7630,7054.0,0.3571428571428571
7631,6901.0,0.3571428571428571
7632,6902.0,0.4285714285714285
7633,0.0,2.0
7634,0.0,2.0
7635,7178.0,0.2857142857142856
7636,0.0,2.0
7637,7058.0,1.119047619047619
7638,0.0,2.0
7639,6940.0,0.23809523809523792
7640,0.0,2.0
7641,7252.0,0.33333333333333315
7642,7161.0,0.6666666666666665
7643,7321.0,0.2857142857142856
7644,7135.0,0.45238095238095233
7645,0.0,2.0
7646,0.0,2.0
7647,0.0,2.0
7648,6910.0,0.3095238095238094
7649,0.0,2.0
7650,7247.0,0.38095238095238093
7651,7151.0,0.5714285714285714
7652,7216.0,0.11904761904761896
7653,7297.0,0.9523809523809523
7654,0.0,2.0
7655,0.0,2.0
7656,7093.0,0.2142857142857142
7657,0.0,2.0
7658,0.0,2.0
7659,7262.0,0.19047619047619035
7660,0.0,2.0
7661,0.0,2.0
7662,0.0,2.0
7663,0.0,2.0
7664,6885.0,0.5476190476190477
7665,0.0,2.0
7666,0.0,2.0
7667,7213.0,0.16666666666666652
7668,7101.0,0.4285714285714285
7669,0.0,2.0
7670,0.0,2.0
7671,0.0,2.0
7672,0.0,2.0
7673,7021.0,0.23809523809523792
7674,0.0,2.0
7675,7255.0,0.9523809523809523
7676,0.0,2.0
7677,7241.0,0.5238095238095237
7678,7012.0,0.33333333333333315
7679,7051.0,0.26190476190476186
7680,6946.0,0.2857142857142856
7681,7077.0,1.0476190476190477
7682,0.0,2.0
7683,0.0,2.0
7684,7020.0,0.8809523809523809
7685,0.0,2.0
7686,7199.0,0.3571428571428571
7687,0.0,2.0
7688,0.0,2.0
7689,0.0,2.0
7690,7290.0,0.2142857142857142
7691,0.0,2.0
7692,0.0,2.0
7693,0.0,2.0
7694,7190.0,0.2142857142857142
7695,0.0,2.0
7696,7128.0,0.4285714285714285
7697,0.0,2.0
7698,0.0,2.0
7699,0.0,2.0
7700,0.0,2.0
7701,0.0,2.0
7702,0.0,2.0
7703,7076.0,0.5714285714285714
7704,7060.0,0.2857142857142856
7705,7182.0,0.2857142857142856
7706,7183.0,0.16666666666666652
7707,7071.0,0.33333333333333315
7708,7031.0,1.0714285714285714
7710,7270.0,0.16666666666666652
7711,7309.0,0.2142857142857142
7712,0.0,2.0
7713,7110.0,0.38095238095238093
7714,0.0,2.0
7715,7202.0,0.45238095238095233
7716,0.0,2.0
7717,7034.0,0.38095238095238093
7718,7346.0,0.2857142857142856
7719,7246.0,0.2142857142857142
7720,0.0,2.0
7721,7074.0,0.4285714285714285
7722,7053.0,0.33333333333333315
7723,0.0,2.0
7724,0.0,2.0
7725,7263.0,0.619047619047619
7726,0.0,2.0
7727,7082.0,0.5714285714285714
7728,7091.0,0.3571428571428571
7729,0.0,2.0
7730,7232.0,0.7857142857142857
7731,7279.0,0.11904761904761896
7732,0.0,2.0
7733,7299.0,0.023809523809523725
7734,7343.0,0.07142857142857129
7735,7322.0,0.16666666666666652
7736,7123.0,0.8809523809523809
7737,0.0,2.0
7738,0.0,2.0
7739,6997.0,0.33333333333333315
7740,0.0,2.0
7741,7385.0,0.1428571428571428
7742,0.0,2.0
7743,0.0,2.0
7744,0.0,2.0
7745,0.0,2.0
7746,0.0,2.0
7747,7146.0,0.9523809523809523
7748,7097.0,0.5714285714285714
7749,7430.0,0.07142857142857129
7750,7254.0,0.2857142857142856
7751,7328.0,0.5238095238095237
7752,0.0,2.0
7753,7294.0,0.23809523809523792
7754,7249.0,0.26190476190476186
7755,0.0,2.0
7756,0.0,2.0
7757,7168.0,0.2142857142857142
7758,0.0,2.0
7759,0.0,2.0
7760,7243.0,0.3095238095238094
7761,0.0,2.0
7762,7225.0,0.47619047619047605
7763,0.0,2.0
7764,7432.0,0.4285714285714285
7765,0.0,2.0
7766,0.0,2.0
7767,7258.0,0.023809523809523725
7768,0.0,2.0
7769,0.0,2.0
7770,0.0,2.0
7771,7201.0,0.3095238095238094
7772,7035.0,0.33333333333333315
7773,7072.0,1.2380952380952381
7774,0.0,2.0
7775,7274.0,0.7857142857142857
7776,0.0,2.0
7777,7130.0,0.5952380952380951
7778,0.0,2.0
7780,0.0,2.0
7781,0.0,2.0
7782,0.0,2.0
7783,7380.0,0.26190476190476186
7784,0.0,2.0
7785,7174.0,0.40476190476190466
7786,0.0,2.0
7787,0.0,2.0
7788,0.0,2.0
7789,7487.0,0.40476190476190466
7790,7417.0,0.33333333333333315
7791,7458.0,0.4999999999999999
7792,0.0,2.0
7793,7293.0,0.07142857142857129
7794,7129.0,1.523809523809524
7795,0.0,2.0
7796,0.0,2.0
7797,0.0,2.0
7798,7438.0,0.38095238095238093
7799,0.0,2.0
7800,0.0,2.0
7801,0.0,2.0
7802,0.0,2.0
7803,7311.0,0.04761904761904756
7804,7316.0,0.23809523809523792
7805,0.0,2.0
7806,0.0,2.0
7807,7344.0,0.8333333333333333
7808,7148.0,0.9523809523809523
7809,7210.0,0.2857142857142856
7810,0.0,2.0
7811,0.0,2.0
7812,0.0,2.0
7813,0.0,2.0
7814,7170.0,0.40476190476190466
7815,6962.0,0.2857142857142856
7816,0.0,2.0
7817,0.0,2.0
7818,7412.0,0.9047619047619048
7819,0.0,2.0
7820,0.0,2.0
7821,0.0,2.0
7822,7046.0,0.3095238095238094
7823,7047.0,0.6428571428571428
7824,7175.0,1.2857142857142858
7825,7131.0,1.0238095238095237
7826,0.0,2.0
7827,0.0,2.0
7828,7302.0,0.5714285714285714
7829,7145.0,0.5952380952380951
7830,7554.0,0.09523809523809523
7831,7460.0,0.40476190476190466
7832,7418.0,0.45238095238095233
7833,0.0,2.0
7834,7425.0,0.40476190476190466
7835,7296.0,0.9047619047619048
7836,0.0,2.0
7837,7244.0,0.23809523809523792
7838,0.0,2.0
7839,7184.0,1.0714285714285714
7840,7147.0,0.2857142857142856
7841,7399.0,0.26190476190476186
7842,0.0,2.0
7843,0.0,2.0
7844,0.0,2.0
7845,7312.0,0.40476190476190466
7846,0.0,2.0
7847,0.0,2.0
7848,0.0,2.0
7849,7304.0,0.26190476190476186
7850,7497.0,0.6904761904761905
7851,7537.0,0.2142857142857142
7852,7419.0,0.38095238095238093
7854,7342.0,1.0476190476190477
7855,7288.0,0.45238095238095233
7856,7509.0,0.26190476190476186
7857,0.0,2.0
7858,7250.0,0.4999999999999999
7859,7489.0,0.3095238095238094
7860,0.0,2.0
7861,7323.0,0.47619047619047605
7862,0.0,2.0
7863,0.0,2.0
7864,0.0,2.0
7865,0.0,2.0
7866,7409.0,0.04761904761904756
7867,0.0,2.0
7868,7348.0,0.9761904761904762
7869,0.0,2.0
7870,0.0,2.0
7871,0.0,2.0
7872,7520.0,0.07142857142857129
7873,7325.0,0.45238095238095233
7874,0.0,2.0
7875,7154.0,0.3095238095238094
7876,7392.0,0.3095238095238094
7877,7464.0,0.11904761904761896
7878,0.0,2.0
7879,7310.0,0.40476190476190466
7880,0.0,2.0
7881,0.0,2.0
7882,0.0,2.0
7883,7433.0,0.26190476190476186
7884,7358.0,0.6666666666666665
7885,7227.0,1.0
7886,0.0,2.0
7887,7221.0,1.119047619047619
7888,0.0,2.0
7889,0.0,2.0
7891,7382.0,0.38095238095238093
7892,0.0,2.0
7893,7169.0,0.23809523809523792
7894,0.0,2.0
7895,0.0,2.0
7896,0.0,2.0
7897,7450.0,0.619047619047619
7898,7424.0,0.6666666666666665
7899,7362.0,0.47619047619047605
7900,0.0,2.0
7901,7235.0,0.11904761904761896
7902,0.0,2.0
7904,7251.0,1.0476190476190477
7905,7345.0,0.16666666666666652
7906,0.0,2.0
7907,7196.0,0.8571428571428571
7908,0.0,2.0
7909,7521.0,0.2142857142857142
7910,0.0,2.0
7911,0.0,2.0
7912,7238.0,0.2857142857142856
7913,7379.0,0.26190476190476186
7914,7363.0,0.23809523809523792
7915,0.0,2.0
7916,7452.0,0.1428571428571428
7917,0.0,2.0
7918,0.0,2.0
7919,7260.0,0.19047619047619035
7920,0.0,2.0
7921,7531.0,0.5238095238095237
7922,7393.0,0.2142857142857142
7923,7324.0,0.23809523809523792
7924,7313.0,0.5714285714285714
7925,0.0,2.0
7926,0.0,2.0
7927,7576.0,0.2142857142857142
7928,0.0,2.0
7929,7558.0,0.11904761904761896
7930,7369.0,0.04761904761904756
7931,0.0,2.0
7932,0.0,2.0
7934,0.0,2.0
7935,0.0,2.0
7936,7542.0,0.09523809523809523
7937,7359.0,0.8571428571428571
7938,7371.0,0.7857142857142857
7939,7332.0,1.0952380952380953
7940,7265.0,0.04761904761904756
7941,7285.0,0.04761904761904756
7942,0.0,2.0
7943,0.0,2.0
7944,0.0,2.0
7945,7439.0,0.45238095238095233
7946,7394.0,0.5952380952380951
7947,0.0,2.0
7948,0.0,2.0
7949,0.0,2.0
7950,0.0,2.0
7951,0.0,2.0
7952,0.0,2.0
7953,0.0,2.0
7954,0.0,2.0
7955,7333.0,0.40476190476190466
7956,0.0,2.0
7957,0.0,2.0
7958,0.0,2.0
7959,0.0,2.0
7960,7530.0,0.19047619047619035
7961,7480.0,0.2857142857142856
7962,7546.0,0.09523809523809523
7963,0.0,2.0
7964,0.0,2.0
7965,7374.0,0.5238095238095237
7966,7517.0,0.23809523809523792
7967,7481.0,0.38095238095238093
7968,0.0,2.0
7969,0.0,2.0
7970,0.0,2.0
7971,0.0,2.0
7972,7653.0,0.11904761904761896
7973,0.0,2.0
7974,7556.0,0.6666666666666665
7975,0.0,2.0
7976,0.0,2.0
7978,7511.0,0.738095238095238
7979,7512.0,0.2857142857142856
7980,7391.0,0.738095238095238
7981,0.0,2.0
7982,7564.0,0.04761904761904756
7983,7522.0,0.16666666666666652
7984,0.0,2.0
7986,0.0,2.0
7987,0.0,2.0
7988,0.0,2.0
7989,0.0,2.0
7990,7292.0,0.8095238095238095
7991,7619.0,0.2857142857142856
7992,0.0,2.0
7993,7610.0,0.023809523809523725
7994,0.0,2.0
7995,0.0,2.0
7996,0.0,2.0
7997,7500.0,0.8571428571428571
7998,7396.0,0.2857142857142856
7999,0.0,2.0
8000,0.0,2.0
8001,0.0,2.0
8002,0.0,2.0
8003,7469.0,0.4285714285714285
8004,0.0,2.0
8005,0.0,2.0
8006,7422.0,0.5476190476190477
8007,7404.0,0.2857142857142856
8008,7305.0,0.2142857142857142
8009,7320.0,0.4285714285714285
8010,0.0,2.0
8011,7474.0,0.4285714285714285
8012,7353.0,0.40476190476190466
8013,0.0,2.0
8014,0.0,2.0
8015,7375.0,0.45238095238095233
8016,0.0,2.0
8017,0.0,2.0
8018,7769.0,0.33333333333333315
8019,0.0,2.0
8020,7434.0,0.04761904761904756
8021,0.0,2.0
8022,0.0,2.0
8023,7539.0,0.7857142857142857
8024,0.0,2.0
8025,7414.0,0.16666666666666652
8026,0.0,2.0
8027,0.0,2.0
8028,7456.0,0.16666666666666652
8029,7341.0,0.1428571428571428
8030,0.0,2.0
8031,0.0,2.0
8032,7578.0,0.07142857142857129
8033,0.0,2.0
8034,0.0,2.0
8035,7614.0,0.23809523809523792
8036,0.0,2.0
8037,7618.0,0.16666666666666652
8038,0.0,2.0
8039,7723.0,0.45238095238095233
8040,0.0,2.0
8041,7654.0,0.09523809523809523
8042,7606.0,0.09523809523809523
8043,7532.0,0.45238095238095233
8044,0.0,2.0
8045,7526.0,0.1428571428571428
8046,7492.0,0.3095238095238094
8047,7519.0,0.45238095238095233
8048,7471.0,1.0238095238095237
8049,7415.0,0.9761904761904762
8050,7264.0,0.2142857142857142
8051,0.0,2.0
8052,0.0,2.0
8053,7636.0,0.09523809523809523
8054,7602.0,0.5952380952380951
8056,7540.0,0.09523809523809523
8057,0.0,2.0
8058,7598.0,0.16666666666666652
8059,0.0,2.0
8060,0.0,2.0
8061,7748.0,0.23809523809523792
8062,7642.0,0.7857142857142857
8063,0.0,2.0
8064,0.0,2.0
8065,7403.0,0.8809523809523809
8066,0.0,2.0
8067,0.0,2.0
8068,7667.0,0.38095238095238093
8069,7454.0,1.1666666666666667
8070,7428.0,0.5714285714285714
8071,0.0,2.0
8072,7611.0,0.09523809523809523
8073,0.0,2.0
8074,7534.0,0.4285714285714285
8075,7493.0,0.07142857142857129
8076,7448.0,0.26190476190476186
8077,7319.0,0.45238095238095233
8078,0.0,2.0
8079,0.0,2.0
8080,0.0,2.0
8081,7593.0,0.619047619047619
8082,0.0,2.0
8083,0.0,2.0
8084,0.0,2.0
8085,0.0,2.0
8086,7579.0,0.07142857142857129
8087,7541.0,0.09523809523809523
8088,0.0,2.0
8089,0.0,2.0
8090,0.0,2.0
8092,0.0,2.0
8093,7670.0,0.16666666666666652
8094,0.0,2.0
8095,0.0,2.0
8096,7599.0,0.8333333333333333
8097,7603.0,0.5952380952380951
8098,0.0,2.0
8099,0.0,2.0
8100,0.0,2.0
8101,0.0,2.0
8102,7582.0,0.47619047619047605
8103,0.0,2.0
8104,7455.0,0.4999999999999999
8105,0.0,2.0
8106,7478.0,0.6428571428571428
8107,7626.0,0.19047619047619035
8108,7750.0,0.23809523809523792
8109,0.0,2.0
8110,7620.0,0.4999999999999999
8111,0.0,2.0
8112,7569.0,1.0238095238095237
8113,7466.0,0.619047619047619
8114,0.0,2.0
8115,0.0,2.0
8116,0.0,2.0
8117,7486.0,0.16666666666666652
8118,0.0,2.0
8119,7737.0,0.23809523809523792
8120,7760.0,0.5476190476190477
8121,0.0,2.0
8122,0.0,2.0
8123,7550.0,0.04761904761904756
8124,0.0,2.0
8125,7457.0,0.40476190476190466
8126,0.0,2.0
8127,0.0,2.0
8128,7736.0,0.5238095238095237
8129,0.0,2.0
8130,7518.0,1.0714285714285714
8131,0.0,2.0
8132,0.0,2.0
8133,0.0,2.0
8134,7407.0,0.3571428571428571
8135,0.0,2.0
8136,7709.0,0.11904761904761896
8137,0.0,2.0
8138,0.0,2.0
8139,0.0,2.0
8140,0.0,2.0
8141,0.0,2.0
8142,7646.0,0.23809523809523792
8143,0.0,2.0
8144,7568.0,0.738095238095238
8145,0.0,2.0
8146,0.0,2.0
8147,0.0,2.0
8148,0.0,2.0
8149,0.0,2.0
8150,7548.0,0.09523809523809523
8151,7883.0,0.09523809523809523
8152,0.0,2.0
8153,7735.0,0.5238095238095237
8154,0.0,2.0
8155,0.0,2.0
8156,7594.0,0.26190476190476186
8157,7704.0,0.1428571428571428
8158,0.0,2.0
8159,7449.0,0.619047619047619
8160,7811.0,0.7142857142857142
8161,0.0,2.0
8163,0.0,2.0
8164,0.0,2.0
8165,0.0,2.0
8166,7713.0,0.11904761904761896
8167,0.0,2.0
8168,7570.0,0.40476190476190466
8169,7608.0,0.38095238095238093
8170,7739.0,0.45238095238095233
8171,0.0,2.0
8172,7793.0,0.1428571428571428
8173,0.0,2.0
8174,7682.0,0.33333333333333315
8175,0.0,2.0
8176,0.0,2.0
8177,7772.0,0.1428571428571428
8178,0.0,2.0
8179,7826.0,0.33333333333333315
8180,7681.0,0.3095238095238094
8181,7698.0,0.4285714285714285
8182,7560.0,1.0
8183,0.0,2.0
8184,0.0,2.0
8185,0.0,2.0
8186,0.0,2.0
8187,0.0,2.0
8188,0.0,2.0
8189,0.0,2.0
8190,0.0,2.0
8191,0.0,2.0
8192,7604.0,0.26190476190476186
8193,0.0,2.0
8194,7668.0,0.9761904761904762
8195,7549.0,0.40476190476190466
8196,7502.0,0.3095238095238094
8197,0.0,2.0
8198,0.0,2.0
8199,7588.0,0.3571428571428571
8200,7767.0,0.07142857142857129
8201,0.0,2.0
8202,7662.0,1.1666666666666667
8203,7585.0,0.4285714285714285
8204,0.0,2.0
8205,0.0,2.0
8206,7705.0,0.1428571428571428
8207,7742.0,0.45238095238095233
8208,0.0,2.0
8209,7544.0,0.5238095238095237
8210,7535.0,0.9523809523809523
8211,7771.0,0.2142857142857142
8212,7940.0,0.19047619047619035
8213,7761.0,0.19047619047619035
8214,7659.0,0.45238095238095233
8215,0.0,2.0
8216,0.0,2.0
8217,0.0,2.0
8218,0.0,2.0
8219,7584.0,0.11904761904761896
8220,0.0,2.0
8221,0.0,2.0
8222,0.0,2.0
8223,0.0,2.0
8225,0.0,2.0
8226,7768.0,0.16666666666666652
8227,7749.0,0.2857142857142856
8228,0.0,2.0
8229,7775.0,1.1428571428571428
8230,0.0,2.0
8231,7632.0,0.5476190476190477
8232,7596.0,0.2857142857142856
8233,7524.0,0.7142857142857142
8234,0.0,2.0
8235,0.0,2.0
8236,0.0,2.0
8237,0.0,2.0
8238,7563.0,0.38095238095238093
8239,7849.0,1.119047619047619
8240,7835.0,0.19047619047619035
8241,0.0,2.0
8242,7741.0,1.0476190476190477
8243,0.0,2.0
8244,7649.0,0.3095238095238094
8245,7931.0,0.23809523809523792
8246,7854.0,0.38095238095238093
8247,7661.0,0.3095238095238094
8248,0.0,2.0
8249,7726.0,0.6666666666666665
8250,7664.0,0.5476190476190477
8251,0.0,2.0
8252,0.0,2.0
8253,7561.0,0.1428571428571428
8254,0.0,2.0
8255,0.0,2.0
8256,0.0,2.0
8257,7866.0,0.7619047619047619
8258,0.0,2.0
8259,0.0,2.0
8260,7860.0,0.40476190476190466
8261,0.0,2.0
8262,0.0,2.0
8263,0.0,2.0
8264,0.0,2.0
8265,7562.0,0.33333333333333315
8266,7892.0,0.6666666666666665
8267,7792.0,0.1428571428571428
8268,7814.0,0.40476190476190466
8269,0.0,2.0
8270,7828.0,0.5476190476190477
8271,0.0,2.0
8273,0.0,2.0
8274,8022.0,0.09523809523809523
8275,7851.0,0.19047619047619035
8276,0.0,2.0
8277,7785.0,0.6428571428571428
8278,0.0,2.0
8279,0.0,2.0
8280,0.0,2.0
8281,7731.0,1.0952380952380953
8282,7655.0,0.1428571428571428
8283,0.0,2.0
8284,7633.0,0.38095238095238093
8285,7641.0,0.8571428571428571
8286,7573.0,0.38095238095238093
8287,0.0,2.0
8288,7552.0,1.1428571428571428
8289,7899.0,0.1428571428571428
8290,0.0,2.0
8291,7743.0,0.5238095238095237
8292,0.0,2.0
8293,0.0,2.0
8294,7845.0,0.5952380952380951
8295,7868.0,0.5952380952380951
8296,7947.0,0.4285714285714285
8297,7686.0,0.619047619047619
8298,0.0,2.0
8299,7672.0,0.5476190476190477
8300,0.0,2.0
8301,0.0,2.0
8302,7545.0,0.5238095238095237
8303,7846.0,0.2142857142857142
8304,7721.0,0.8809523809523809
8305,0.0,2.0
8306,0.0,2.0
8307,0.0,2.0
8308,0.0,2.0
8309,0.0,2.0
8310,7732.0,0.023809523809523725
8311,0.0,2.0
8312,0.0,2.0
8313,7918.0,0.09523809523809523
8314,0.0,2.0
8315,0.0,2.0
8316,7923.0,0.26190476190476186
8317,0.0,2.0
8318,0.0,2.0
8319,0.0,2.0
8320,7765.0,0.619047619047619
8321,0.0,2.0
8322,0.0,2.0
8323,0.0,2.0
8324,8002.0,0.09523809523809523
8325,7852.0,0.38095238095238093
8326,7884.0,0.11904761904761896
8327,7808.0,0.19047619047619035
8328,7878.0,0.3571428571428571
8329,0.0,2.0
8330,0.0,2.0
8331,7720.0,1.7142857142857144
8332,7857.0,1.0714285714285714
8333,0.0,2.0
8334,7905.0,0.2857142857142856
8335,0.0,2.0
8336,7746.0,1.2857142857142858
8337,7551.0,1.0714285714285714
8338,7689.0,1.2380952380952381
8339,7967.0,0.19047619047619035
8340,7907.0,0.8095238095238095
8341,7803.0,0.19047619047619035
8342,7901.0,0.023809523809523725
8343,0.0,2.0
8344,0.0,2.0
8345,7970.0,0.40476190476190466
8346,7861.0,0.1428571428571428
8347,0.0,2.0
8348,0.0,2.0
8349,7727.0,0.5238095238095237
8350,0.0,2.0
8351,0.0,2.0
8352,7763.0,0.4285714285714285
8353,7871.0,0.26190476190476186
8354,0.0,2.0
8355,0.0,2.0
8356,8042.0,0.09523809523809523
8357,7906.0,0.45238095238095233
8358,0.0,2.0
8359,0.0,2.0
8360,0.0,2.0
8361,7869.0,0.04761904761904756
8362,0.0,2.0
8363,7804.0,0.619047619047619
8364,0.0,2.0
8365,7949.0,0.9761904761904762
8366,8010.0,1.3571428571428572
8367,8109.0,0.6666666666666665
8368,0.0,2.0
8369,7968.0,0.23809523809523792
8370,7969.0,0.19047619047619035
8371,7870.0,0.04761904761904756
8372,0.0,2.0
8373,7650.0,1.0
8374,0.0,2.0
8375,0.0,2.0
8376,7919.0,0.5238095238095237
8377,0.0,2.0
8378,0.0,2.0
8379,7976.0,0.4285714285714285
8380,0.0,2.0
8381,0.0,2.0
8382,0.0,2.0
8383,7821.0,0.7142857142857142
8384,7747.0,0.04761904761904756
8385,7676.0,1.0952380952380953
8386,0.0,2.0
8387,0.0,2.0
8388,8091.0,0.45238095238095233
8389,0.0,2.0
8390,7946.0,0.5476190476190477
8391,0.0,2.0
8392,0.0,2.0
8393,7674.0,0.33333333333333315
8394,0.0,2.0
8395,7766.0,0.7619047619047619
8396,0.0,2.0
8397,0.0,2.0
8398,8003.0,0.16666666666666652
8399,0.0,2.0
8400,7693.0,0.3095238095238094
8401,8063.0,0.11904761904761896
8403,0.0,2.0
8404,0.0,2.0
8405,0.0,2.0
8406,7829.0,0.19047619047619035
8407,7764.0,0.11904761904761896
8408,7753.0,0.5238095238095237
8409,7789.0,0.9523809523809523
8410,0.0,2.0
8411,0.0,2.0
8412,7975.0,0.1428571428571428
8413,0.0,2.0
8414,0.0,2.0
8415,7816.0,0.023809523809523725
8416,7796.0,1.0238095238095237
8417,7780.0,0.45238095238095233
8418,0.0,2.0
8419,0.0,2.0
8420,7963.0,0.33333333333333315
8421,0.0,2.0
8422,7942.0,0.5714285714285714
8423,7927.0,0.33333333333333315
8424,7677.0,0.45238095238095233
8425,0.0,2.0
8426,0.0,2.0
8427,7910.0,0.23809523809523792
8428,7856.0,0.9285714285714286
8429,7752.0,0.5952380952380951
8430,0.0,2.0
8431,7755.0,1.1666666666666667
8432,0.0,2.0
8433,8023.0,0.09523809523809523
8434,0.0,2.0
8435,7795.0,0.8333333333333333
8436,0.0,2.0
8437,0.0,2.0
8438,0.0,2.0
8439,0.0,2.0
8440,8107.0,0.2142857142857142
8441,0.0,2.0
8442,0.0,2.0
8443,0.0,2.0
8444,7895.0,0.23809523809523792
8445,0.0,2.0
8446,0.0,2.0
8447,7873.0,0.9761904761904762
8448,7805.0,0.6904761904761905
8449,0.0,2.0
8450,0.0,2.0
8451,0.0,2.0
8452,8085.0,0.33333333333333315
8453,0.0,2.0
8454,0.0,2.0
8455,0.0,2.0
8456,8048.0,0.3095238095238094
8457,8050.0,0.3095238095238094
8458,7984.0,0.07142857142857129
8459,8021.0,0.2142857142857142
8460,7675.0,0.09523809523809523
8461,7782.0,0.2857142857142856
8462,0.0,2.0
8463,0.0,2.0
8464,0.0,2.0
8465,0.0,2.0
8466,0.0,2.0
8467,0.0,2.0
8468,0.0,2.0
8469,8024.0,0.33333333333333315
8470,0.0,2.0
8471,0.0,2.0
8472,0.0,2.0
8473,7788.0,0.19047619047619035
8474,7813.0,0.23809523809523792
8475,0.0,2.0
8476,0.0,2.0
8477,0.0,2.0
8478,7985.0,0.7142857142857142
8479,8014.0,0.40476190476190466
8480,0.0,2.0
8481,0.0,2.0
8482,0.0,2.0
8483,8111.0,0.19047619047619035
8484,0.0,2.0
8485,0.0,2.0
8486,7900.0,0.47619047619047605
8487,0.0,2.0
8488,0.0,2.0
8489,0.0,2.0
8490,0.0,2.0
8491,0.0,2.0
8492,0.0,2.0
8493,0.0,2.0
8494,7986.0,0.09523809523809523
8495,7952.0,0.33333333333333315
8496,7909.0,0.40476190476190466
8497,0.0,2.0
8498,0.0,2.0
8500,7965.0,1.0476190476190477
8501,7779.0,0.6428571428571428
8502,0.0,2.0
8503,7859.0,0.40476190476190466
8504,0.0,2.0
8505,8120.0,0.023809523809523725
8506,8134.0,0.023809523809523725
8507,7997.0,0.23809523809523792
8508,0.0,2.0
8509,8000.0,0.5238095238095237
8510,0.0,2.0
8511,0.0,2.0
8512,0.0,2.0
8513,0.0,2.0
8514,0.0,2.0
8515,8096.0,0.4285714285714285
8516,8124.0,0.19047619047619035
8517,0.0,2.0
8518,8001.0,0.5238095238095237
8519,7928.0,0.9523809523809523
8520,7916.0,0.5238095238095237
8521,0.0,2.0
8522,0.0,2.0
8523,0.0,2.0
8524,8165.0,0.11904761904761896
8525,8189.0,1.2857142857142858
8526,0.0,2.0
8527,8077.0,0.6904761904761905
8528,0.0,2.0
8529,8035.0,0.33333333333333315
8530,0.0,2.0
8531,7874.0,0.8571428571428571
8532,0.0,2.0
8533,7744.0,0.8095238095238095
8534,7977.0,0.023809523809523725
8535,7917.0,0.2142857142857142
8536,7837.0,0.2857142857142856
8537,7844.0,0.9523809523809523
8538,0.0,2.0
8539,8052.0,0.19047619047619035
8540,7898.0,0.09523809523809523
8541,0.0,2.0
8542,0.0,2.0
8543,0.0,2.0
8544,8028.0,0.47619047619047605
8545,0.0,2.0
8546,0.0,2.0
8547,8033.0,0.5238095238095237
8548,0.0,2.0
8549,0.0,2.0
8550,8060.0,0.6428571428571428
8551,7921.0,0.6904761904761905
8552,7858.0,0.9523809523809523
8553,0.0,2.0
8554,0.0,2.0
8555,0.0,2.0
8556,8190.0,0.19047619047619035
8557,0.0,2.0
8558,8027.0,0.5476190476190477
8559,8188.0,0.11904761904761896
8560,8015.0,0.45238095238095233
8561,8036.0,0.6904761904761905
8562,0.0,2.0
8563,8070.0,0.23809523809523792
8564,0.0,2.0
8565,0.0,2.0
8566,8146.0,0.33333333333333315
8567,7959.0,0.2142857142857142
8568,0.0,2.0
8569,7882.0,0.5952380952380951
8570,8092.0,0.3571428571428571
8571,0.0,2.0
8572,0.0,2.0
8573,0.0,2.0
8574,7929.0,0.8809523809523809
8575,0.0,2.0
8576,0.0,2.0
8577,8242.0,0.19047619047619035
8578,8264.0,0.04761904761904756
8579,0.0,2.0
8580,8142.0,0.33333333333333315
8581,7880.0,1.3333333333333335
8582,0.0,2.0
8583,7989.0,0.6904761904761905
8584,0.0,2.0
8585,8261.0,0.3095238095238094
8586,8192.0,0.23809523809523792
8587,8006.0,0.7619047619047619
8588,8016.0,0.4285714285714285
8589,0.0,2.0
8590,0.0,2.0
8591,0.0,2.0
8592,0.0,2.0
8593,8166.0,0.4999999999999999
8594,0.0,2.0
8595,0.0,2.0
8596,8079.0,0.07142857142857129
8597,8244.0,0.09523809523809523
8598,0.0,2.0
8599,0.0,2.0
8600,7865.0,0.2142857142857142
8601,0.0,2.0
8602,8182.0,0.16666666666666652
8603,8215.0,0.19047619047619035
8604,8263.0,0.07142857142857129
8605,8184.0,0.619047619047619
8606,8025.0,0.33333333333333315
8607,0.0,2.0
8608,7987.0,0.4285714285714285
8609,8029.0,0.7619047619047619
8610,7890.0,0.619047619047619
8611,0.0,2.0
8612,0.0,2.0
8613,8135.0,0.5476190476190477
8614,0.0,2.0
8615,0.0,2.0
8616,7974.0,0.5476190476190477
8617,8017.0,0.8333333333333333
8618,0.0,2.0
8619,0.0,2.0
8620,8104.0,0.1428571428571428
8621,8053.0,1.0714285714285714
8622,7943.0,0.09523809523809523
8623,7881.0,0.38095238095238093
8624,8268.0,0.1428571428571428
8625,0.0,2.0
8626,8128.0,0.09523809523809523
8627,0.0,2.0
8628,8038.0,0.09523809523809523
8629,0.0,2.0
8630,7937.0,0.8809523809523809
8631,7891.0,0.7142857142857142
8632,0.0,2.0
8633,8228.0,0.5714285714285714
8634,8084.0,0.38095238095238093
8635,8129.0,0.8333333333333333
8636,0.0,2.0
8637,0.0,2.0
8638,0.0,2.0
8639,8062.0,0.11904761904761896
8640,0.0,2.0
8641,8329.0,0.3095238095238094
8642,8097.0,0.47619047619047605
8643,0.0,2.0
8644,7911.0,0.5952380952380951
8645,7832.0,1.0952380952380953
8646,8363.0,0.1428571428571428
8647,8289.0,0.04761904761904756
8648,8290.0,0.7619047619047619
8649,8262.0,0.47619047619047605
8650,8313.0,0.3571428571428571
8651,0.0,2.0
8652,0.0,2.0
8653,0.0,2.0
8655,0.0,2.0
8656,0.0,2.0
8657,0.0,2.0
8658,0.0,2.0
8659,0.0,2.0
8660,0.0,2.0
8661,8320.0,0.2142857142857142
8662,8160.0,0.9761904761904762
8663,8066.0,0.19047619047619035
8664,8061.0,0.5476190476190477
8665,0.0,2.0
8666,0.0,2.0
8667,0.0,2.0
8668,0.0,2.0
8669,0.0,2.0
8670,0.0,2.0
8671,8147.0,0.3095238095238094
8672,0.0,2.0
8673,0.0,2.0
8674,8398.0,0.09523809523809523
8675,8157.0,0.4285714285714285
8676,0.0,2.0
8677,8209.0,0.5238095238095237
8679,8353.0,0.45238095238095233
8680,8360.0,0.2142857142857142
8681,0.0,2.0
8682,0.0,2.0
8683,7983.0,0.7619047619047619
8684,0.0,2.0
8685,7955.0,0.6666666666666665
8686,0.0,2.0
8687,0.0,2.0
8688,0.0,2.0
8689,0.0,2.0
8690,8269.0,0.19047619047619035
8691,8299.0,0.4285714285714285
8692,0.0,2.0
8693,0.0,2.0
8694,8030.0,0.5952380952380951
8695,0.0,2.0
8696,0.0,2.0
8697,0.0,2.0
8698,0.0,2.0
8699,0.0,2.0
8700,0.0,2.0
8701,8058.0,0.47619047619047605
8702,0.0,2.0
8703,0.0,2.0
8704,8175.0,1.1904761904761905
8705,8217.0,0.19047619047619035
8706,8161.0,0.23809523809523792
8708,8130.0,0.6666666666666665
8709,8117.0,0.04761904761904756
8710,8046.0,0.9761904761904762
8711,7991.0,0.9047619047619048
8712,0.0,2.0
8713,8074.0,0.8095238095238095
8714,0.0,2.0
8715,0.0,2.0
8716,0.0,2.0
8717,0.0,2.0
8718,8391.0,0.33333333333333315
8720,8167.0,1.0238095238095237
8721,0.0,2.0
8722,0.0,2.0
8723,8121.0,0.8571428571428571
8724,0.0,2.0
8725,0.0,2.0
8726,8316.0,0.23809523809523792
8727,8212.0,0.5238095238095237
8728,8037.0,0.9285714285714286
8729,0.0,2.0
8730,0.0,2.0
8731,8057.0,0.26190476190476186
8732,8090.0,0.47619047619047605
8733,0.0,2.0
8734,8462.0,0.40476190476190466
8735,8275.0,0.3571428571428571
8736,0.0,2.0
8737,8293.0,0.19047619047619035
8738,0.0,2.0
8739,8170.0,0.8571428571428571
8740,0.0,2.0
8741,0.0,2.0
8742,0.0,2.0
8743,0.0,2.0
8744,0.0,2.0
8745,0.0,2.0
8746,0.0,2.0
8747,0.0,2.0
8748,0.0,2.0
8749,0.0,2.0
8750,8327.0,0.023809523809523725
8751,0.0,2.0
8752,8416.0,0.45238095238095233
8753,0.0,2.0
8754,0.0,2.0
8755,8390.0,0.47619047619047605
8756,0.0,2.0
8757,8101.0,0.8571428571428571
8758,7992.0,1.1666666666666667
8759,0.0,2.0
8760,0.0,2.0
8761,8442.0,0.16666666666666652
8762,0.0,2.0
8763,8507.0,0.7142857142857142
8765,8383.0,0.5238095238095237
8766,8354.0,0.40476190476190466
8767,8239.0,0.5238095238095237
8768,0.0,2.0
8769,8169.0,0.2857142857142856
8770,8220.0,0.6904761904761905
8771,0.0,2.0
8772,0.0,2.0
8773,8171.0,0.3095238095238094
8774,8403.0,0.07142857142857129
8775,0.0,2.0
8776,8234.0,0.47619047619047605
8777,0.0,2.0
8778,8088.0,0.7857142857142857
8779,0.0,2.0
8780,8008.0,1.0
8781,8352.0,0.2142857142857142
8782,8493.0,0.16666666666666652
8783,8384.0,0.19047619047619035
8784,0.0,2.0
8785,8282.0,0.07142857142857129
8786,8213.0,0.47619047619047605
8787,0.0,2.0
8788,0.0,2.0
8789,0.0,2.0
8790,0.0,2.0
8791,8382.0,0.619047619047619
8792,0.0,2.0
8793,8232.0,0.4285714285714285
8794,8193.0,0.04761904761904756
8795,8095.0,0.7142857142857142
8796,0.0,2.0
8797,8408.0,0.23809523809523792
8798,8272.0,0.40476190476190466
8799,8118.0,0.619047619047619
8800,8392.0,0.16666666666666652
8801,0.0,2.0
8802,8194.0,0.1428571428571428
8803,8210.0,0.38095238095238093
8804,0.0,2.0
8805,0.0,2.0
8806,0.0,2.0
8807,0.0,2.0
8808,8341.0,0.47619047619047605
8809,0.0,2.0
8810,0.0,2.0
8811,8283.0,1.3095238095238095
8812,0.0,2.0
8813,8256.0,0.7619047619047619
8814,8302.0,0.11904761904761896
8815,8335.0,0.11904761904761896
8816,8116.0,1.1428571428571428
8817,0.0,2.0
8818,0.0,2.0
8819,0.0,2.0
8820,8315.0,0.3571428571428571
8821,0.0,2.0
8822,0.0,2.0
8823,8185.0,0.5238095238095237
8824,0.0,2.0
8825,8295.0,0.6666666666666665
8826,8235.0,0.47619047619047605
8827,0.0,2.0
8828,8479.0,0.19047619047619035
8829,0.0,2.0
8830,8435.0,0.4999999999999999
8831,8321.0,1.2142857142857144
8832,8202.0,1.0238095238095237
8833,0.0,2.0
8834,0.0,2.0
8835,8444.0,0.6666666666666665
8836,8280.0,0.9047619047619048
8837,8375.0,1.2857142857142858
8838,8301.0,0.23809523809523792
8839,8247.0,0.0
8840,8087.0,0.40476190476190466
8841,0.0,2.0
8842,0.0,2.0
8843,8348.0,0.38095238095238093
8844,8148.0,0.4999999999999999
8845,8474.0,0.4285714285714285
8846,0.0,2.0
8847,0.0,2.0
8848,8417.0,0.23809523809523792
8849,8399.0,0.4285714285714285
8850,8342.0,0.19047619047619035
8851,0.0,2.0
8852,0.0,2.0
8853,8195.0,0.40476190476190466
8854,0.0,2.0
8855,0.0,2.0
8856,8173.0,0.2142857142857142
8857,0.0,2.0
8858,0.0,2.0
8860,0.0,2.0
8861,0.0,2.0
8862,0.0,2.0
8863,8187.0,0.47619047619047605
8864,8218.0,1.0238095238095237
8865,8500.0,0.6428571428571428
8866,0.0,2.0
8867,0.0,2.0
8868,8428.0,0.26190476190476186
8869,8393.0,0.4999999999999999
8870,8430.0,0.7857142857142857
8871,0.0,2.0
8872,8332.0,0.2142857142857142
8873,0.0,2.0
8874,8443.0,0.19047619047619035
8875,0.0,2.0
8876,0.0,2.0
8877,8473.0,0.8571428571428571
8878,0.0,2.0
8879,8501.0,0.2857142857142856
8880,8451.0,0.5238095238095237
8881,0.0,2.0
8882,8240.0,0.19047619047619035
8883,0.0,2.0
8884,0.0,2.0
8885,8437.0,0.6428571428571428
8886,8418.0,0.2857142857142856
8887,0.0,2.0
8888,8344.0,1.2142857142857144
8889,0.0,2.0
8890,0.0,2.0
8891,8531.0,1.1904761904761905
8892,8305.0,0.47619047619047605
8893,8296.0,0.38095238095238093
8894,8153.0,0.2857142857142856
8895,0.0,2.0
8896,8562.0,0.5714285714285714
8897,0.0,2.0
8898,8598.0,0.2142857142857142
8899,0.0,2.0
8900,8258.0,0.4285714285714285
8901,0.0,2.0
8902,8606.0,0.23809523809523792
8903,0.0,2.0
8904,0.0,2.0
8905,8463.0,0.8333333333333333
8906,0.0,2.0
8907,8464.0,0.5952380952380951
8908,8300.0,0.38095238095238093
8909,0.0,2.0
8910,0.0,2.0
8911,8476.0,0.45238095238095233
8912,8374.0,0.3095238095238094
8913,0.0,2.0
8914,0.0,2.0
8915,8369.0,0.3095238095238094
8916,8361.0,0.3571428571428571
8917,8214.0,0.38095238095238093
8918,8164.0,0.9761904761904762
8919,0.0,2.0
8920,8579.0,0.11904761904761896
8921,8519.0,0.33333333333333315
8922,8405.0,0.3095238095238094
8923,0.0,2.0
8924,0.0,2.0
8925,0.0,2.0
8926,0.0,2.0
8927,8333.0,0.6428571428571428
8928,8287.0,0.5476190476190477
8929,8274.0,0.5714285714285714
8930,8517.0,0.19047619047619035
8932,0.0,2.0
8933,8544.0,0.19047619047619035
8934,8445.0,0.8095238095238095
8935,0.0,2.0
8936,8357.0,0.16666666666666652
8937,0.0,2.0
8938,8326.0,0.8333333333333333
8939,8640.0,0.5476190476190477
8940,0.0,2.0
8941,0.0,2.0
8942,0.0,2.0
8944,0.0,2.0
8945,0.0,2.0
8946,0.0,2.0
8947,8279.0,0.6904761904761905
8948,8595.0,0.5714285714285714
8949,8614.0,0.1428571428571428
8950,0.0,2.0
8951,8401.0,0.9285714285714286
8952,0.0,2.0
8953,0.0,2.0
8954,8475.0,0.16666666666666652
8955,8453.0,0.40476190476190466
8956,8585.0,0.6666666666666665
8957,8518.0,0.45238095238095233
8958,0.0,2.0
8959,8356.0,0.5952380952380951
8960,0.0,2.0
8961,8309.0,0.23809523809523792
8962,0.0,2.0
8963,8620.0,0.8809523809523809
8964,0.0,2.0
8965,0.0,2.0
8966,0.0,2.0
8967,8237.0,0.9047619047619048
8968,8347.0,0.5952380952380951
8969,0.0,2.0
8971,0.0,2.0
8972,8654.0,0.16666666666666652
8973,8565.0,0.4285714285714285
8974,8522.0,0.3571428571428571
8975,0.0,2.0
8976,8324.0,0.47619047619047605
8977,0.0,2.0
8978,8599.0,0.7857142857142857
8979,8446.0,0.2857142857142856
8980,8411.0,0.8333333333333333
8981,8306.0,0.09523809523809523
8982,8372.0,0.4285714285714285
8983,0.0,2.0
8984,0.0,2.0
8985,0.0,2.0
8986,8267.0,0.6428571428571428
8987,0.0,2.0
8988,0.0,2.0
8989,0.0,2.0
8990,8355.0,0.40476190476190466
8991,8431.0,0.40476190476190466
8992,8466.0,0.45238095238095233
8993,0.0,2.0
8994,8223.0,0.40476190476190466
8995,0.0,2.0
8996,0.0,2.0
8997,8537.0,0.26190476190476186
8998,0.0,2.0
8999,8600.0,0.3095238095238094
9000,0.0,2.0
9001,8379.0,0.3095238095238094
9003,0.0,2.0
9004,0.0,2.0
9005,0.0,2.0
9006,0.0,2.0
9007,8534.0,0.3571428571428571
9008,0.0,2.0
9009,8508.0,0.23809523809523792
9010,0.0,2.0
9011,8307.0,0.9047619047619048
9012,8317.0,0.26190476190476186
9013,0.0,2.0
9014,0.0,2.0
9015,8596.0,0.3095238095238094
9016,0.0,2.0
9017,8424.0,0.5714285714285714
9018,8337.0,0.26190476190476186
9019,0.0,2.0
9020,8752.0,0.19047619047619035
9021,0.0,2.0
9022,0.0,2.0
9023,8678.0,0.23809523809523792
9024,8671.0,0.2142857142857142
9025,8502.0,0.40476190476190466
9026,0.0,2.0
9027,0.0,2.0
9028,0.0,2.0
9029,0.0,2.0
9030,8719.0,0.23809523809523792
9031,8520.0,0.5476190476190477
9032,0.0,2.0
9033,8449.0,0.11904761904761896
9034,0.0,2.0
9035,8338.0,0.33333333333333315
9036,8252.0,0.7142857142857142
9037,8351.0,0.5238095238095237
9039,0.0,2.0
9040,8546.0,0.07142857142857129
9041,0.0,2.0
9042,0.0,2.0
9043,0.0,2.0
9044,0.0,2.0
9045,8389.0,0.619047619047619
9046,8696.0,0.23809523809523792
9047,0.0,2.0
9048,0.0,2.0
9049,0.0,2.0
9050,8492.0,0.47619047619047605
9051,0.0,2.0
9052,8634.0,0.1428571428571428
9053,8637.0,0.7857142857142857
9054,0.0,2.0
9055,8843.0,0.26190476190476186
9056,0.0,2.0
9057,0.0,2.0
9059,8650.0,0.23809523809523792
9060,8630.0,0.619047619047619
9061,0.0,2.0
9062,0.0,2.0
9063,0.0,2.0
9064,8478.0,0.5952380952380951
9065,0.0,2.0
9066,8695.0,0.19047619047619035
9067,8724.0,0.5952380952380951
9068,0.0,2.0
9069,8635.0,0.8571428571428571
9070,8483.0,0.04761904761904756
9071,0.0,2.0
9072,8438.0,0.3095238095238094
9073,0.0,2.0
9074,0.0,2.0
9075,8645.0,0.16666666666666652
9076,0.0,2.0
9077,0.0,2.0
9078,8454.0,0.023809523809523725
9079,8682.0,0.07142857142857129
9080,0.0,2.0
9081,0.0,2.0
9082,8716.0,0.16666666666666652
9083,8641.0,0.11904761904761896
9084,0.0,2.0
9085,0.0,2.0
9086,8407.0,0.9047619047619048
9087,8748.0,0.8571428571428571
9088,0.0,2.0
9089,8656.0,0.4285714285714285
9090,8548.0,0.09523809523809523
9091,8450.0,0.33333333333333315
9092,8470.0,0.4999999999999999
9093,8311.0,0.9047619047619048
9094,0.0,2.0
9095,8730.0,0.3095238095238094
9096,8679.0,0.4285714285714285
9097,8655.0,0.47619047619047605
9098,0.0,2.0
9099,0.0,2.0
9100,0.0,2.0
9101,0.0,2.0
9102,0.0,2.0
9103,8714.0,0.16666666666666652
9104,8521.0,0.07142857142857129
9105,8440.0,0.8571428571428571
9106,8703.0,1.0952380952380953
9107,0.0,2.0
9108,8572.0,1.1428571428571428
9109,8481.0,0.45238095238095233
9110,0.0,2.0
9111,8790.0,0.7619047619047619
9112,8729.0,0.23809523809523792
9113,8509.0,0.11904761904761896
9114,8486.0,1.0714285714285714
9115,0.0,2.0
9116,8864.0,0.26190476190476186
9117,0.0,2.0
9118,8574.0,0.3571428571428571
9119,8504.0,0.7619047619047619
9120,8632.0,1.0
9121,0.0,2.0
9122,8469.0,0.4285714285714285
9123,8396.0,0.738095238095238
9124,8792.0,0.3095238095238094
9125,0.0,2.0
9126,0.0,2.0
9127,0.0,2.0
9128,0.0,2.0
9129,8718.0,0.33333333333333315
9130,0.0,2.0
9131,0.0,2.0
9132,8638.0,0.07142857142857129
9133,0.0,2.0
9134,8439.0,0.5714285714285714
9135,8362.0,0.26190476190476186
9136,8782.0,0.6666666666666665
9137,0.0,2.0
9138,0.0,2.0
9139,8625.0,0.3095238095238094
9140,0.0,2.0
9141,8413.0,0.38095238095238093
9142,8406.0,0.6666666666666665
9143,0.0,2.0
9144,0.0,2.0
9145,8766.0,0.23809523809523792
9146,0.0,2.0
9147,8739.0,0.23809523809523792
9148,8624.0,0.33333333333333315
9149,8801.0,0.23809523809523792
9150,0.0,2.0
9151,8952.0,0.8809523809523809
9152,0.0,2.0
9153,0.0,2.0
9154,8783.0,0.45238095238095233
9155,0.0,2.0
9156,0.0,2.0
9157,8617.0,0.09523809523809523
9158,0.0,2.0
9159,8666.0,0.16666666666666652
9160,8490.0,0.07142857142857129
9161,0.0,2.0
9162,8824.0,1.1428571428571428
9163,8872.0,0.3095238095238094
9164,8623.0,0.16666666666666652
9165,8856.0,0.19047619047619035
9166,0.0,2.0
9168,0.0,2.0
9169,8412.0,0.23809523809523792
9170,0.0,2.0
9171,0.0,2.0
9172,8726.0,0.6904761904761905
9173,8631.0,0.23809523809523792
9174,0.0,2.0
9175,8539.0,0.45238095238095233
9176,0.0,2.0
9177,8865.0,0.07142857142857129
9178,0.0,2.0
9179,8498.0,1.523809523809524
9180,0.0,2.0
9181,0.0,2.0
9182,8916.0,0.16666666666666652
9183,0.0,2.0
9184,0.0,2.0
9185,8661.0,0.7142857142857142
9186,8547.0,0.8809523809523809
9188,0.0,2.0
9189,0.0,2.0
9190,0.0,2.0
9191,8516.0,0.47619047619047605
9192,0.0,2.0
9193,0.0,2.0
9194,0.0,2.0
9195,8794.0,0.4285714285714285
9196,8753.0,0.6666666666666665
9197,8662.0,0.4285714285714285
9198,0.0,2.0
9199,0.0,2.0
9200,0.0,2.0
9201,8556.0,0.1428571428571428
9202,8871.0,0.19047619047619035
9203,8795.0,0.5714285714285714
9204,0.0,2.0
9205,0.0,2.0
9206,0.0,2.0
9207,0.0,2.0
9208,8937.0,0.4285714285714285
9209,8817.0,0.09523809523809523
9210,8818.0,0.5476190476190477
9211,8814.0,0.6666666666666665
9213,8651.0,1.0
9214,0.0,2.0
9215,0.0,2.0
9216,0.0,2.0
9217,8613.0,0.1428571428571428
9218,8618.0,0.7619047619047619
9219,0.0,2.0
9220,0.0,2.0
9221,8774.0,0.3571428571428571
9222,8601.0,0.11904761904761896
9223,0.0,2.0
9224,0.0,2.0
9225,0.0,2.0
9226,0.0,2.0
9227,0.0,2.0
9228,8626.0,0.738095238095238
9229,8496.0,0.6666666666666665
9230,0.0,2.0
9231,8845.0,0.16666666666666652
9232,0.0,2.0
9233,0.0,2.0
9234,0.0,2.0
9235,0.0,2.0
9236,0.0,2.0
9237,8549.0,1.0952380952380953
9238,0.0,2.0
9239,0.0,2.0
9240,0.0,2.0
9241,8699.0,0.2857142857142856
9242,8991.0,0.6904761904761905
9243,0.0,2.0
9244,8728.0,1.0952380952380953
9245,8751.0,0.16666666666666652
9246,0.0,2.0
9247,0.0,2.0
9248,0.0,2.0
9249,0.0,2.0
9250,0.0,2.0
9251,0.0,2.0
9252,8950.0,0.45238095238095233
9253,8775.0,0.7142857142857142
9254,8536.0,0.45238095238095233
9255,8530.0,0.8095238095238095
9256,0.0,2.0
9257,8837.0,0.5714285714285714
9258,0.0,2.0
9259,0.0,2.0
9260,0.0,2.0
9261,0.0,2.0
9262,0.0,2.0
9263,8754.0,0.33333333333333315
9264,8784.0,0.07142857142857129
9265,8734.0,0.38095238095238093
9266,8693.0,0.26190476190476186
9267,0.0,2.0
9268,0.0,2.0
9269,8757.0,1.0238095238095237
9270,0.0,2.0
9271,0.0,2.0
9272,8603.0,0.4285714285714285
9273,0.0,2.0
9274,0.0,2.0
9275,8973.0,0.38095238095238093
9276,0.0,2.0
9277,8941.0,0.16666666666666652
9278,8820.0,0.5952380952380951
9279,8821.0,0.8571428571428571
9280,8762.0,1.1904761904761905
9281,0.0,2.0
9282,0.0,2.0
9283,8583.0,0.738095238095238
9284,9020.0,0.8571428571428571
9285,8939.0,1.1428571428571428
9286,0.0,2.0
9287,8743.0,0.5476190476190477
9288,0.0,2.0
9289,0.0,2.0
9290,8707.0,0.38095238095238093
9291,8642.0,1.0476190476190477
9292,0.0,2.0
9293,8971.0,0.023809523809523725
9294,8846.0,0.619047619047619
9295,0.0,2.0
9296,0.0,2.0
9297,0.0,2.0
9298,8965.0,0.33333333333333315
9299,0.0,2.0
9300,0.0,2.0
9301,8967.0,0.26190476190476186
9302,8803.0,0.3095238095238094
9303,8780.0,0.09523809523809523
9304,0.0,2.0
9305,0.0,2.0
9306,8744.0,0.23809523809523792
9307,8717.0,0.47619047619047605
9308,0.0,2.0
9310,0.0,2.0
9311,8796.0,0.1428571428571428
9312,0.0,2.0
9313,8737.0,0.5238095238095237
9314,8998.0,0.7619047619047619
9315,0.0,2.0
9316,0.0,2.0
9317,8983.0,0.2142857142857142
9318,0.0,2.0
9319,8760.0,0.38095238095238093
9320,8541.0,1.3333333333333335
9321,0.0,2.0
9322,0.0,2.0
9324,8876.0,0.07142857142857129
9325,8771.0,0.7619047619047619
9326,8652.0,0.6428571428571428
9327,0.0,2.0
9328,0.0,2.0
9329,8956.0,0.8095238095238095
9330,0.0,2.0
9331,0.0,2.0
9332,8975.0,0.3095238095238094
9333,0.0,2.0
9334,0.0,2.0
9335,0.0,2.0
9336,8787.0,0.19047619047619035
9338,8694.0,0.6904761904761905
9339,8669.0,0.8571428571428571
9340,8999.0,0.07142857142857129
9341,8873.0,0.7619047619047619
9342,0.0,2.0
9343,0.0,2.0
9344,8847.0,0.38095238095238093
9345,8954.0,0.40476190476190466
9346,0.0,2.0
9347,8852.0,0.5476190476190477
9348,0.0,2.0
9349,8993.0,0.09523809523809523
9350,9038.0,0.5952380952380951
9351,8957.0,0.023809523809523725
9352,0.0,2.0
9353,8798.0,0.4285714285714285
9354,0.0,2.0
9355,8992.0,0.3095238095238094
9356,8942.0,0.4285714285714285
9357,8984.0,0.3571428571428571
9358,0.0,2.0
9359,8911.0,0.26190476190476186
9360,0.0,2.0
9361,8772.0,0.6666666666666665
9362,0.0,2.0
9363,8886.0,0.2142857142857142
9364,0.0,2.0
9365,8866.0,0.45238095238095233
9366,8922.0,0.16666666666666652
9367,0.0,2.0
9368,0.0,2.0
9369,0.0,2.0
9370,0.0,2.0
9371,9034.0,0.9761904761904762
9372,9075.0,0.2857142857142856
9373,8930.0,0.40476190476190466
9374,8909.0,0.6428571428571428
9375,0.0,2.0
9376,8806.0,0.38095238095238093
9377,8763.0,0.619047619047619
9378,0.0,2.0
9379,0.0,2.0
9380,8897.0,0.19047619047619035
9381,0.0,2.0
9382,8676.0,0.5952380952380951
9383,8929.0,0.09523809523809523
9384,0.0,2.0
9385,8877.0,1.5
9386,8785.0,1.1666666666666667
9387,0.0,2.0
9388,0.0,2.0
9389,8723.0,0.5476190476190477
9390,0.0,2.0
9391,0.0,2.0
9392,0.0,2.0
9393,8653.0,0.6904761904761905
9394,0.0,2.0
9395,0.0,2.0
9396,0.0,2.0
9397,0.0,2.0
9398,8786.0,0.26190476190476186
9399,8894.0,0.2857142857142856
9401,0.0,2.0
9402,0.0,2.0
9403,0.0,2.0
9404,0.0,2.0
9405,0.0,2.0
9406,9027.0,0.5476190476190477
9407,0.0,2.0
9408,0.0,2.0
9409,8770.0,0.38095238095238093
9410,9061.0,0.5952380952380951
9411,8797.0,0.3095238095238094
9413,0.0,2.0
9414,9014.0,0.19047619047619035
9415,0.0,2.0
9416,9022.0,0.738095238095238
9417,8882.0,0.38095238095238093
9418,8764.0,0.5476190476190477
9419,8711.0,0.45238095238095233
9420,0.0,2.0
9421,0.0,2.0
9422,0.0,2.0
9423,9082.0,0.6666666666666665
9424,0.0,2.0
9425,0.0,2.0
9426,9037.0,0.5714285714285714
9427,9009.0,0.2142857142857142
9428,0.0,2.0
9429,0.0,2.0
9430,8996.0,0.8571428571428571
9431,0.0,2.0
9432,0.0,2.0
9433,0.0,2.0
9435,9178.0,0.47619047619047605
9436,9094.0,0.3571428571428571
9437,0.0,2.0
9438,8987.0,0.2142857142857142
9439,8849.0,0.6904761904761905
9440,8840.0,0.738095238095238
9441,0.0,2.0
9442,0.0,2.0
9443,8827.0,0.11904761904761896
9444,8861.0,0.4999999999999999
9445,9126.0,0.738095238095238
9446,0.0,2.0
9447,9029.0,0.33333333333333315
9448,9129.0,0.9047619047619048
9449,8994.0,0.47619047619047605
9450,0.0,2.0
9451,0.0,2.0
9452,0.0,2.0
9453,8842.0,0.5238095238095237
9454,0.0,2.0
9455,0.0,2.0
9456,8969.0,0.9523809523809523
9457,9111.0,0.11904761904761896
9458,0.0,2.0
9459,8985.0,0.38095238095238093
9460,9050.0,0.619047619047619
9461,0.0,2.0
9462,8919.0,0.2857142857142856
9463,0.0,2.0
9464,9028.0,0.07142857142857129
9465,8932.0,0.16666666666666652
9466,8850.0,0.40476190476190466
9467,0.0,2.0
9468,0.0,2.0
9469,0.0,2.0
9470,0.0,2.0
9471,0.0,2.0
9472,0.0,2.0
9473,8805.0,0.6428571428571428
9474,0.0,2.0
9475,8901.0,0.6904761904761905
9476,8907.0,0.3571428571428571
9477,9063.0,0.47619047619047605
9478,8917.0,0.4285714285714285
9479,8910.0,0.47619047619047605
9480,9006.0,0.2857142857142856
9481,8951.0,0.09523809523809523
9482,0.0,2.0
9483,8935.0,0.3095238095238094
9484,8869.0,0.5714285714285714
9485,9093.0,0.11904761904761896
9486,0.0,2.0
9487,0.0,2.0
9488,0.0,2.0
9489,8960.0,1.4047619047619049
9490,0.0,2.0
9491,0.0,2.0
9492,0.0,2.0
9493,0.0,2.0
9494,0.0,2.0
9495,0.0,2.0
9496,9083.0,0.11904761904761896
9497,9067.0,0.26190476190476186
9498,0.0,2.0
9499,8976.0,0.8333333333333333
9500,8924.0,0.26190476190476186
9501,0.0,2.0
9502,9092.0,0.9761904761904762
9503,0.0,2.0
9504,0.0,2.0
9505,9105.0,0.6428571428571428
9506,0.0,2.0
9507,8962.0,0.2142857142857142
9508,8807.0,0.023809523809523725
9509,0.0,2.0
9510,0.0,2.0
9511,9170.0,0.2857142857142856
9512,0.0,2.0
9513,8948.0,0.4999999999999999
9514,0.0,2.0
9515,0.0,2.0
9516,0.0,2.0
9517,0.0,2.0
9518,0.0,2.0
9519,0.0,2.0
9520,8816.0,0.6666666666666665
9521,0.0,2.0
9522,0.0,2.0
9523,0.0,2.0
9524,0.0,2.0
9525,0.0,2.0
9526,0.0,2.0
9527,0.0,2.0
9528,0.0,2.0
9529,9045.0,0.3571428571428571
9530,8945.0,0.04761904761904756
9531,0.0,2.0
9532,9142.0,0.45238095238095233
9533,0.0,2.0
9534,0.0,2.0
9535,0.0,2.0
9536,8925.0,1.2142857142857144
9537,0.0,2.0
9538,0.0,2.0
9539,0.0,2.0
9540,0.0,2.0
9541,9208.0,0.45238095238095233
9542,0.0,2.0
9543,8931.0,0.5714285714285714
9544,8906.0,0.45238095238095233
9545,9032.0,0.4285714285714285
9547,0.0,2.0
9548,0.0,2.0
9549,9159.0,0.5238095238095237
9550,0.0,2.0
9551,0.0,2.0
9552,9040.0,0.6428571428571428
9553,9052.0,0.45238095238095233
9554,0.0,2.0
9555,9007.0,0.5714285714285714
9556,9182.0,1.0238095238095237
9557,9097.0,0.9285714285714286
9558,0.0,2.0
9559,0.0,2.0
9560,8914.0,0.4285714285714285
9561,9085.0,0.38095238095238093
9562,0.0,2.0
9563,0.0,2.0
9564,0.0,2.0
9565,9086.0,0.33333333333333315
9566,9106.0,0.07142857142857129
9567,9065.0,0.23809523809523792
9568,0.0,2.0
9569,8978.0,0.11904761904761896
9570,8884.0,0.7619047619047619
9571,0.0,2.0
9572,9051.0,0.47619047619047605
9573,0.0,2.0
9574,0.0,2.0
9575,0.0,2.0
9576,0.0,2.0
9577,9184.0,0.09523809523809523
9578,9218.0,0.45238095238095233
9579,0.0,2.0
9580,9138.0,0.38095238095238093
9581,0.0,2.0
9582,0.0,2.0
9583,9136.0,0.04761904761904756
9584,0.0,2.0
9585,0.0,2.0
9586,0.0,2.0
9587,9204.0,0.33333333333333315
9588,9071.0,0.4999999999999999
9589,9176.0,0.5714285714285714
9590,8977.0,0.619047619047619
9591,9201.0,0.16666666666666652
9592,9255.0,0.1428571428571428
9593,0.0,2.0
9594,0.0,2.0
9595,0.0,2.0
9596,9017.0,0.7857142857142857
9597,8934.0,0.9047619047619048
9598,9026.0,0.3095238095238094
9599,9125.0,0.07142857142857129
9600,9059.0,0.07142857142857129
9601,0.0,2.0
9602,0.0,2.0
9603,8936.0,0.3095238095238094
9604,8964.0,0.9285714285714286
9605,9030.0,0.23809523809523792
9606,9160.0,0.9047619047619048
9607,9089.0,0.4999999999999999
9608,0.0,2.0
9610,0.0,2.0
9611,9215.0,0.3571428571428571
9612,0.0,2.0
9613,0.0,2.0
9614,0.0,2.0
9615,9101.0,0.7857142857142857
9616,0.0,2.0
9617,0.0,2.0
9618,0.0,2.0
9619,9291.0,0.619047619047619
9620,0.0,2.0
9621,0.0,2.0
9622,9189.0,0.47619047619047605
9623,9147.0,0.40476190476190466
9624,9127.0,0.8333333333333333
9625,0.0,2.0
9626,0.0,2.0
9627,9240.0,0.8333333333333333
9628,0.0,2.0
9629,9304.0,0.16666666666666652
9630,9066.0,0.47619047619047605
9631,0.0,2.0
9632,9325.0,1.0238095238095237
9633,0.0,2.0
9634,9261.0,0.2857142857142856
9635,9162.0,0.16666666666666652
9636,9114.0,0.40476190476190466
9637,9137.0,0.2142857142857142
9638,0.0,2.0
9639,0.0,2.0
9640,0.0,2.0
9641,9023.0,0.33333333333333315
9642,9056.0,0.6904761904761905
9643,0.0,2.0
9644,0.0,2.0
9645,9113.0,0.47619047619047605
9646,9287.0,0.5238095238095237
9647,9308.0,0.45238095238095233
9648,0.0,2.0
9649,0.0,2.0
9650,0.0,2.0
9651,9172.0,0.26190476190476186
9652,0.0,2.0
9653,0.0,2.0
9654,8990.0,0.16666666666666652
9655,8949.0,0.9523809523809523
9656,9267.0,0.40476190476190466
9657,0.0,2.0
9658,0.0,2.0
9659,9276.0,0.2857142857142856
9660,9153.0,0.19047619047619035
9661,0.0,2.0
9662,0.0,2.0
9663,9286.0,0.5714285714285714
9664,0.0,2.0
9665,9209.0,0.40476190476190466
9666,9149.0,0.8095238095238095
9667,0.0,2.0
9668,0.0,2.0
9669,9025.0,0.7619047619047619
9670,0.0,2.0
9671,9342.0,0.26190476190476186
9672,0.0,2.0
9673,0.0,2.0
9674,0.0,2.0
9675,0.0,2.0
9676,0.0,2.0
9677,0.0,2.0
9678,9328.0,0.23809523809523792
9679,0.0,2.0
9680,9309.0,0.2142857142857142
9681,0.0,2.0
9682,9115.0,0.5714285714285714
9683,9205.0,0.8333333333333333
9684,9245.0,1.4523809523809523
9685,0.0,2.0
9686,9281.0,0.2142857142857142
9687,0.0,2.0
9688,9210.0,0.19047619047619035
9689,9118.0,0.9047619047619048
9690,0.0,2.0
9691,9049.0,0.4999999999999999
9692,0.0,2.0
9693,0.0,2.0
9694,0.0,2.0
9695,0.0,2.0
9696,9124.0,0.19047619047619035
9697,0.0,2.0
9698,9355.0,0.07142857142857129
9699,0.0,2.0
9700,0.0,2.0
9701,0.0,2.0
9702,0.0,2.0
9703,9293.0,0.9047619047619048
9704,9269.0,0.9523809523809523
9705,9220.0,0.19047619047619035
9706,0.0,2.0
9707,9070.0,0.738095238095238
9708,9259.0,0.23809523809523792
9709,0.0,2.0
9710,0.0,2.0
9711,9150.0,0.47619047619047605
9712,9206.0,0.47619047619047605
9713,0.0,2.0
9714,0.0,2.0
9715,0.0,2.0
9716,9098.0,0.9761904761904762
9717,0.0,2.0
9718,0.0,2.0
9719,0.0,2.0
9720,9018.0,0.40476190476190466
9721,9154.0,0.45238095238095233
9722,9339.0,0.07142857142857129
9723,9335.0,0.023809523809523725
9724,9266.0,0.2857142857142856
9725,9288.0,0.2857142857142856
9726,0.0,2.0
9727,9181.0,0.8095238095238095
9728,0.0,2.0
9729,0.0,2.0
9730,9392.0,0.09523809523809523
9731,9329.0,0.5714285714285714
9732,0.0,2.0
9733,0.0,2.0
9734,0.0,2.0
9735,9196.0,0.2857142857142856
9736,0.0,2.0
9737,9048.0,0.1428571428571428
9738,0.0,2.0
9739,0.0,2.0
9740,9167.0,0.4285714285714285
9741,9155.0,0.4999999999999999
9742,0.0,2.0
9743,9262.0,0.7619047619047619
9744,9228.0,0.7142857142857142
9745,9166.0,0.7857142857142857
9746,0.0,2.0
9747,0.0,2.0
9748,0.0,2.0
9749,0.0,2.0
9750,0.0,2.0
9751,9226.0,0.11904761904761896
9752,0.0,2.0
9753,0.0,2.0
9754,9074.0,0.7619047619047619
9755,0.0,2.0
9756,0.0,2.0
9757,0.0,2.0
9758,9236.0,0.5476190476190477
9759,0.0,2.0
9760,9327.0,0.023809523809523725
9761,0.0,2.0
9762,9417.0,0.38095238095238093
9763,0.0,2.0
9764,0.0,2.0
9765,0.0,2.0
9766,9270.0,0.11904761904761896
9767,0.0,2.0
9769,9279.0,1.0476190476190477
9771,0.0,2.0
9772,0.0,2.0
9773,9447.0,0.33333333333333315
9774,0.0,2.0
9775,9363.0,1.0238095238095237
9776,0.0,2.0
9777,9212.0,0.619047619047619
9778,0.0,2.0
9779,9254.0,0.16666666666666652
9780,0.0,2.0
9781,0.0,2.0
9782,0.0,2.0
9783,9343.0,1.0714285714285714
9784,0.0,2.0
9785,0.0,2.0
9786,9310.0,0.6428571428571428
9787,0.0,2.0
9788,9151.0,0.8333333333333333
9789,0.0,2.0
9790,0.0,2.0
9791,9289.0,0.4285714285714285
9792,0.0,2.0
9793,0.0,2.0
9794,9145.0,0.1428571428571428
9795,0.0,2.0
9796,0.0,2.0
9797,9332.0,0.38095238095238093
9798,0.0,2.0
9799,9186.0,0.3095238095238094
9800,9156.0,0.4285714285714285
9801,0.0,2.0
9802,0.0,2.0
9803,9306.0,0.23809523809523792
9804,0.0,2.0
9805,9139.0,0.7619047619047619
9806,9278.0,0.023809523809523725
9808,0.0,2.0
9809,9336.0,0.33333333333333315
9810,0.0,2.0
9811,9388.0,0.23809523809523792
9812,0.0,2.0
9813,9365.0,0.3571428571428571
9815,9344.0,0.40476190476190466
9817,0.0,2.0
9818,0.0,2.0
9819,9371.0,0.09523809523809523
9820,9318.0,0.023809523809523725
9821,0.0,2.0
9822,9282.0,0.619047619047619
9823,0.0,2.0
9824,9243.0,0.23809523809523792
9825,0.0,2.0
9826,9247.0,0.5476190476190477
9827,0.0,2.0
9828,9108.0,0.1428571428571428
9829,0.0,2.0
9830,9437.0,0.38095238095238093
9831,0.0,2.0
9832,0.0,2.0
9833,9411.0,0.47619047619047605
9834,0.0,2.0
9835,9307.0,0.2857142857142856
9836,9251.0,0.2857142857142856
9837,0.0,2.0
9838,9237.0,1.0238095238095237
9839,9283.0,0.38095238095238093
9840,0.0,2.0
9841,0.0,2.0
9842,0.0,2.0
9843,9347.0,1.0476190476190477
9844,0.0,2.0
9845,0.0,2.0
9846,0.0,2.0
9847,0.0,2.0
9848,9338.0,0.738095238095238
9849,0.0,2.0
9850,9280.0,0.26190476190476186
9851,9300.0,0.2857142857142856
9852,0.0,2.0
9853,0.0,2.0
9854,9515.0,0.8333333333333333
9855,0.0,2.0
9856,9498.0,0.11904761904761896
9857,0.0,2.0
9859,9469.0,0.6428571428571428
9860,0.0,2.0
9861,9444.0,0.47619047619047605
9862,0.0,2.0
9863,9213.0,0.47619047619047605
9864,0.0,2.0
9865,0.0,2.0
9866,0.0,2.0
9867,9386.0,0.8809523809523809
9868,0.0,2.0
9869,0.0,2.0
9870,0.0,2.0
9871,9368.0,0.38095238095238093
9872,0.0,2.0
9873,0.0,2.0
9874,9230.0,0.4999999999999999
9875,9506.0,0.7142857142857142
9876,0.0,2.0
9877,0.0,2.0
9878,9452.0,0.7619047619047619
9879,9330.0,0.40476190476190466
9880,9277.0,0.7142857142857142
9881,0.0,2.0
9882,9466.0,0.7619047619047619
9883,0.0,2.0
9884,0.0,2.0
9885,0.0,2.0
9886,9366.0,1.3095238095238095
9887,9313.0,0.2857142857142856
9888,0.0,2.0
9889,0.0,2.0
9890,9550.0,1.2857142857142858
9891,9474.0,0.33333333333333315
9892,0.0,2.0
9893,9413.0,0.45238095238095233
9894,0.0,2.0
9895,9516.0,0.6428571428571428
9896,9430.0,0.04761904761904756
9897,9489.0,0.4999999999999999
9898,9348.0,0.09523809523809523
9899,0.0,2.0
9900,0.0,2.0
9901,0.0,2.0
9902,9406.0,0.47619047619047605
9903,0.0,2.0
9904,0.0,2.0
9905,0.0,2.0
9906,9290.0,0.023809523809523725
9907,0.0,2.0
9908,9161.0,0.2857142857142856
9909,9530.0,0.07142857142857129
9910,0.0,2.0
9911,0.0,2.0
9912,9321.0,0.33333333333333315
9913,0.0,2.0
9914,0.0,2.0
9915,9429.0,0.45238095238095233
9916,0.0,2.0
9917,0.0,2.0
9918,0.0,2.0
9919,0.0,2.0
9920,9394.0,0.5952380952380951
9921,0.0,2.0
9922,9439.0,0.4285714285714285
9923,0.0,2.0
9924,9337.0,0.11904761904761896
9925,0.0,2.0
9926,9264.0,0.3571428571428571
9927,9470.0,0.2857142857142856
9928,0.0,2.0
9929,0.0,2.0
9930,0.0,2.0
9931,0.0,2.0
9932,9524.0,0.09523809523809523
9933,0.0,2.0
9934,9451.0,0.16666666666666652
9935,0.0,2.0
9936,0.0,2.0
9937,9421.0,0.8809523809523809
9938,9354.0,0.619047619047619
9939,9499.0,0.3095238095238094
9940,9431.0,0.40476190476190466
9942,9395.0,0.5238095238095237
9943,9214.0,0.16666666666666652
9944,0.0,2.0
9945,9324.0,0.16666666666666652
9946,0.0,2.0
9947,0.0,2.0
9948,0.0,2.0
9949,9414.0,0.7142857142857142
9950,9404.0,1.0952380952380953
9951,0.0,2.0
9952,9415.0,1.1428571428571428
9953,0.0,2.0
9954,0.0,2.0
9955,0.0,2.0
9956,0.0,2.0
9957,9389.0,0.19047619047619035
9958,0.0,2.0
9959,9579.0,0.26190476190476186
9960,9396.0,0.5476190476190477
9961,0.0,2.0
9962,0.0,2.0
9963,9467.0,0.1428571428571428
9964,9465.0,1.2619047619047619
9965,9323.0,0.09523809523809523
9966,9625.0,0.07142857142857129
9967,0.0,2.0
9968,0.0,2.0
9969,9320.0,0.19047619047619035
9970,0.0,2.0
9971,0.0,2.0
9972,9574.0,0.6666666666666665
9973,9575.0,0.7142857142857142
9974,0.0,2.0
9975,9512.0,0.7619047619047619
9976,9434.0,0.04761904761904756
9977,0.0,2.0
9978,0.0,2.0
9979,9302.0,0.45238095238095233
9980,9635.0,0.5714285714285714
9981,0.0,2.0
9982,9539.0,0.33333333333333315
9983,9626.0,0.19047619047619035
9984,9502.0,0.8333333333333333
9985,9463.0,1.2380952380952381
9986,0.0,2.0
9987,0.0,2.0
9988,0.0,2.0
9989,9501.0,0.2142857142857142
9990,9432.0,0.26190476190476186
9991,9477.0,1.3333333333333335
9992,9427.0,0.5476190476190477
9993,0.0,2.0
9994,9450.0,0.6666666666666665
9995,0.0,2.0
9996,9551.0,0.3571428571428571
9997,0.0,2.0
9999,9284.0,0.33333333333333315
10000,9668.0,0.3095238095238094
10001,9561.0,0.2857142857142856
10002,0.0,2.0
10003,0.0,2.0
10004,0.0,2.0
10005,0.0,2.0
10006,9301.0,0.2857142857142856
10007,0.0,2.0
10008,9552.0,0.6904761904761905
10009,0.0,2.0
10010,0.0,2.0
10011,0.0,2.0
10012,0.0,2.0
10013,9407.0,0.38095238095238093
10014,0.0,2.0
10015,9558.0,1.0
10016,0.0,2.0
10017,9545.0,0.04761904761904756
10018,9526.0,0.6666666666666665
10019,0.0,2.0
10020,9454.0,0.16666666666666652
10021,9460.0,0.38095238095238093
10022,0.0,2.0
10023,0.0,2.0
10024,0.0,2.0
10025,9546.0,0.9047619047619048
10026,9742.0,0.8809523809523809
10027,0.0,2.0
10028,9608.0,1.0238095238095237
10029,9481.0,1.0952380952380953
10031,9544.0,1.0714285714285714
10032,0.0,2.0
10033,0.0,2.0
10034,0.0,2.0
10035,9576.0,0.023809523809523725
10036,0.0,2.0
10037,9458.0,0.11904761904761896
10038,9484.0,0.7619047619047619
10039,0.0,2.0
10040,0.0,2.0
10041,9723.0,1.0476190476190477
10042,9585.0,0.2857142857142856
10043,0.0,2.0
10044,0.0,2.0
10045,0.0,2.0
10046,9478.0,0.5714285714285714
10047,9435.0,0.26190476190476186
10048,9494.0,0.04761904761904756
10049,0.0,2.0
10050,9690.0,0.1428571428571428
10051,0.0,2.0
10052,9595.0,0.09523809523809523
10053,9525.0,0.23809523809523792
10054,0.0,2.0
10055,0.0,2.0
10056,9710.0,0.6666666666666665
10057,9660.0,0.45238095238095233
10059,9601.0,0.3095238095238094
10060,9449.0,0.5238095238095237
10061,0.0,2.0
10062,9711.0,0.11904761904761896
10063,9605.0,0.40476190476190466
10064,9503.0,0.1428571428571428
10065,9533.0,0.9047619047619048
10066,9440.0,0.04761904761904756
10067,0.0,2.0
10068,0.0,2.0
10069,9669.0,0.6428571428571428
10070,9513.0,0.9047619047619048
10071,9639.0,0.023809523809523725
10072,9600.0,0.2857142857142856
10073,0.0,2.0
10074,0.0,2.0
10075,0.0,2.0
10077,0.0,2.0
10078,9749.0,0.9523809523809523
10079,9606.0,1.2380952380952381
10081,0.0,2.0
10082,0.0,2.0
10083,0.0,2.0
10084,0.0,2.0
10085,0.0,2.0
10086,0.0,2.0
10087,0.0,2.0
10088,0.0,2.0
10089,0.0,2.0
10090,0.0,2.0
10091,0.0,2.0
10092,0.0,2.0
10093,0.0,2.0
10094,9408.0,1.3333333333333335
10095,9455.0,0.5714285714285714
10096,0.0,2.0
10097,0.0,2.0
10098,9764.0,0.5238095238095237
10099,9750.0,0.3095238095238094
10100,9453.0,0.738095238095238
10101,9521.0,0.2142857142857142
10102,0.0,2.0
10103,9566.0,0.4285714285714285
10104,9602.0,0.8809523809523809
10105,0.0,2.0
10106,0.0,2.0
10107,0.0,2.0
10108,0.0,2.0
10109,9707.0,0.4999999999999999
10110,9682.0,0.5714285714285714
10111,9628.0,0.11904761904761896
10112,0.0,2.0
10113,9706.0,0.11904761904761896
10114,9565.0,0.38095238095238093
10115,9597.0,1.0238095238095237
10117,9422.0,0.26190476190476186
10118,9532.0,0.38095238095238093
10119,0.0,2.0
10120,0.0,2.0
10121,0.0,2.0
10122,0.0,2.0
10123,9461.0,0.09523809523809523
10124,9683.0,0.6666666666666665
10125,0.0,2.0
10126,9656.0,0.8571428571428571
10127,0.0,2.0
10128,0.0,2.0
10129,0.0,2.0
10130,9620.0,0.8333333333333333
10131,9652.0,0.16666666666666652
10132,0.0,2.0
10133,0.0,2.0
10134,9569.0,1.0714285714285714
10135,0.0,2.0
10136,9703.0,0.19047619047619035
10137,9672.0,0.07142857142857129
10138,9577.0,0.45238095238095233
10139,9622.0,0.45238095238095233
10140,9553.0,0.7142857142857142
10141,0.0,2.0
10142,9696.0,1.1904761904761905
10143,9724.0,0.5238095238095237
10144,9692.0,0.6666666666666665
10145,9592.0,0.4999999999999999
10146,9712.0,0.23809523809523792
10148,0.0,2.0
10149,9571.0,0.40476190476190466
10150,0.0,2.0
10151,9777.0,0.6904761904761905
10152,0.0,2.0
10153,0.0,2.0
10154,9763.0,0.1428571428571428
10155,9805.0,0.11904761904761896
10156,9697.0,0.6428571428571428
10157,0.0,2.0
10158,0.0,2.0
10159,0.0,2.0
10160,9591.0,0.2857142857142856
10161,9492.0,0.1428571428571428
10162,0.0,2.0
10163,9580.0,0.6904761904761905
10164,9514.0,0.40476190476190466
10165,9547.0,0.40476190476190466
10166,0.0,2.0
10167,0.0,2.0
10168,9665.0,0.33333333333333315
10169,0.0,2.0
10170,0.0,2.0
10171,0.0,2.0
10172,9912.0,0.5952380952380951
10173,0.0,2.0
10174,9865.0,0.2142857142857142
10175,9717.0,0.6666666666666665
10176,9725.0,0.7857142857142857
10177,9786.0,0.38095238095238093
10178,0.0,2.0
10179,9733.0,0.6904761904761905
10180,9678.0,0.4285714285714285
10181,0.0,2.0
10182,9771.0,0.2142857142857142
10183,0.0,2.0
10184,9670.0,0.2142857142857142
10185,9632.0,0.5714285714285714
10186,9779.0,0.5714285714285714
10187,9675.0,0.07142857142857129
10188,0.0,2.0
10189,9714.0,0.2857142857142856
10190,9685.0,0.5714285714285714
10191,9741.0,0.5952380952380951
10192,9555.0,1.380952380952381
10193,0.0,2.0
10194,9735.0,0.04761904761904756
10195,0.0,2.0
10196,9624.0,0.11904761904761896
10197,9505.0,0.5476190476190477
10198,0.0,2.0
10199,0.0,2.0
10200,0.0,2.0
10201,0.0,2.0
10202,9794.0,0.4285714285714285
10203,9785.0,0.3571428571428571
10205,9734.0,0.23809523809523792
10206,0.0,2.0
10207,9583.0,0.5952380952380951
10208,0.0,2.0
10209,0.0,2.0
10210,0.0,2.0
10211,0.0,2.0
10212,0.0,2.0
10213,0.0,2.0
10214,9640.0,0.738095238095238
10215,0.0,2.0
10216,0.0,2.0
10217,9598.0,0.3571428571428571
10218,0.0,2.0
10219,0.0,2.0
10220,0.0,2.0
10221,9812.0,0.023809523809523725
10222,9789.0,0.11904761904761896
10223,9827.0,0.5476190476190477
10224,0.0,2.0
10225,9862.0,0.11904761904761896
10226,0.0,2.0
10227,9833.0,0.38095238095238093
10228,9629.0,0.38095238095238093
10229,9653.0,0.8571428571428571
10230,0.0,2.0
10231,9863.0,0.5714285714285714
10232,0.0,2.0
10233,9713.0,0.33333333333333315
10234,0.0,2.0
10235,9646.0,0.09523809523809523
10236,9686.0,0.8571428571428571
10237,9666.0,1.2380952380952381
10238,0.0,2.0
10239,0.0,2.0
10240,9572.0,0.19047619047619035
10241,0.0,2.0
10242,0.0,2.0
10243,0.0,2.0
10244,0.0,2.0
10245,0.0,2.0
10246,0.0,2.0
10247,0.0,2.0
10249,9756.0,0.16666666666666652
10250,9736.0,0.7857142857142857
10251,0.0,2.0
10252,9688.0,0.04761904761904756
10253,0.0,2.0
10254,0.0,2.0
10255,9523.0,0.16666666666666652
10256,0.0,2.0
10257,9816.0,0.09523809523809523
10259,9814.0,1.0714285714285714
10260,9657.0,0.33333333333333315
10261,0.0,2.0
10262,0.0,2.0
10263,9832.0,0.04761904761904756
10264,9935.0,0.1428571428571428
10265,9760.0,0.5952380952380951
10266,0.0,2.0
10268,9718.0,1.3095238095238095
10269,0.0,2.0
10270,0.0,2.0
10271,9568.0,0.09523809523809523
10272,9875.0,0.19047619047619035
10273,9842.0,0.4285714285714285
10274,0.0,2.0
10275,9808.0,0.1428571428571428
10276,0.0,2.0
10277,0.0,2.0
10278,9698.0,0.23809523809523792
10279,0.0,2.0
10280,0.0,2.0
10281,0.0,2.0
10282,0.0,2.0
10283,9765.0,0.26190476190476186
10284,0.0,2.0
10285,9633.0,0.4999999999999999
10286,0.0,2.0
10287,9772.0,0.23809523809523792
10288,0.0,2.0
10289,0.0,2.0
10290,0.0,2.0
10291,0.0,2.0
10292,0.0,2.0
10293,0.0,2.0
10294,0.0,2.0
10295,9834.0,1.1904761904761905
10296,0.0,2.0
10297,9701.0,0.4285714285714285
10298,0.0,2.0
10299,0.0,2.0
10300,0.0,2.0
10301,9634.0,0.1428571428571428
10302,0.0,2.0
10303,0.0,2.0
10304,0.0,2.0
10305,0.0,2.0
10306,9781.0,1.2857142857142858
10307,9719.0,1.3333333333333335
10308,0.0,2.0
10309,9886.0,0.2857142857142856
10310,9751.0,0.33333333333333315
10311,9957.0,0.33333333333333315
10312,0.0,2.0
10313,9613.0,1.0952380952380953
10314,9667.0,0.7857142857142857
10315,0.0,2.0
10316,0.0,2.0
10317,9825.0,0.6904761904761905
10318,0.0,2.0
10319,0.0,2.0
10320,0.0,2.0
10321,9782.0,0.23809523809523792
10322,0.0,2.0
10323,0.0,2.0
10324,9999.0,0.8333333333333333
10325,0.0,2.0
10326,9720.0,0.2857142857142856
10327,0.0,2.0
10328,0.0,2.0
10329,9797.0,0.8333333333333333
10330,0.0,2.0
10331,0.0,2.0
10332,9845.0,1.3095238095238095
10333,0.0,2.0
10334,9928.0,0.07142857142857129
10335,9851.0,0.16666666666666652
10336,0.0,2.0
10337,9793.0,0.26190476190476186
10338,9768.0,0.04761904761904756
10339,9770.0,0.9047619047619048
10340,9730.0,0.16666666666666652
10341,9945.0,0.5238095238095237
10342,0.0,2.0
10343,9868.0,0.3095238095238094
10344,9873.0,1.119047619047619
10345,9905.0,0.45238095238095233
10346,9933.0,0.1428571428571428
10347,0.0,2.0
10348,0.0,2.0
10349,9824.0,0.45238095238095233
10350,9820.0,0.738095238095238
10352,9990.0,0.07142857142857129
10353,0.0,2.0
10354,9849.0,0.738095238095238
10355,0.0,2.0
10356,0.0,2.0
10357,9762.0,0.16666666666666652
10358,10006.0,0.8571428571428571
10359,0.0,2.0
10360,9926.0,0.45238095238095233
10361,9722.0,0.4285714285714285
10362,9731.0,0.45238095238095233
10363,9702.0,1.1428571428571428
10364,0.0,2.0
10365,0.0,2.0
10366,0.0,2.0
10367,0.0,2.0
10368,0.0,2.0
10369,0.0,2.0
10370,0.0,2.0
10371,9826.0,0.47619047619047605
10372,0.0,2.0
10373,0.0,2.0
10374,10145.0,0.11904761904761896
10376,0.0,2.0
10377,0.0,2.0
10378,9938.0,0.04761904761904756
10379,0.0,2.0
10380,9951.0,0.45238095238095233
10381,9673.0,0.38095238095238093
10382,0.0,2.0
10383,9913.0,0.2142857142857142
10384,10056.0,0.16666666666666652
10385,0.0,2.0
10386,0.0,2.0
10387,0.0,2.0
10388,0.0,2.0
10389,0.0,2.0
10390,9830.0,0.11904761904761896
10391,9968.0,0.09523809523809523
10392,0.0,2.0
10393,0.0,2.0
10394,0.0,2.0
10395,0.0,2.0
10396,9746.0,0.11904761904761896
10397,10018.0,0.38095238095238093
10398,9956.0,0.23809523809523792
10399,0.0,2.0
10400,0.0,2.0
10401,0.0,2.0
10402,9674.0,0.7142857142857142
10403,10047.0,0.8571428571428571
10404,9934.0,0.3571428571428571
10405,9906.0,0.23809523809523792
10406,0.0,2.0
10407,0.0,2.0
10408,0.0,2.0
10409,9904.0,0.16666666666666652
10410,0.0,2.0
10411,9869.0,0.6904761904761905
10412,9811.0,1.0476190476190477
10413,0.0,2.0
10414,0.0,2.0
10415,9892.0,0.4285714285714285
10416,0.0,2.0
10417,9882.0,1.1904761904761905
10418,10050.0,0.33333333333333315
10419,9787.0,1.1666666666666667
10420,9748.0,0.738095238095238
10421,0.0,2.0
10422,0.0,2.0
10423,0.0,2.0
10424,9887.0,0.11904761904761896
10425,0.0,2.0
10426,0.0,2.0
10427,0.0,2.0
10428,9977.0,0.738095238095238
10429,0.0,2.0
10430,0.0,2.0
10431,0.0,2.0
10432,0.0,2.0
10433,9860.0,0.19047619047619035
10434,0.0,2.0
10435,0.0,2.0
10436,0.0,2.0
10437,0.0,2.0
10438,0.0,2.0
10439,0.0,2.0
10440,9858.0,0.38095238095238093
10441,9915.0,0.3571428571428571
10442,9880.0,0.619047619047619
10443,0.0,2.0
10444,9847.0,0.738095238095238
10445,0.0,2.0
10446,0.0,2.0
10447,0.0,2.0
10448,9857.0,0.19047619047619035
10449,9877.0,0.619047619047619
10450,10048.0,0.23809523809523792
10451,10042.0,0.4285714285714285
10452,0.0,2.0
10453,0.0,2.0
10454,9861.0,0.40476190476190466
10455,9810.0,0.619047619047619
10456,9884.0,0.26190476190476186
10457,0.0,2.0
10458,0.0,2.0
10459,9839.0,0.5238095238095237
10460,0.0,2.0
10461,10030.0,0.23809523809523792
10462,0.0,2.0
10463,0.0,2.0
10464,0.0,2.0
10465,9881.0,0.40476190476190466
10466,9916.0,0.7857142857142857
10467,9902.0,0.33333333333333315
10468,0.0,2.0
10469,0.0,2.0
10470,9890.0,0.09523809523809523
10471,0.0,2.0
10472,9967.0,0.07142857142857129
10473,9888.0,0.07142857142857129
10474,9918.0,0.2142857142857142
10475,0.0,2.0
10476,9986.0,0.3095238095238094
10477,9823.0,0.33333333333333315
10478,0.0,2.0
10479,9876.0,0.619047619047619
10480,10085.0,0.19047619047619035
10481,0.0,2.0
10482,10035.0,0.40476190476190466
10483,0.0,2.0
10484,0.0,2.0
10485,10152.0,0.5476190476190477
10486,0.0,2.0
10487,10049.0,0.2142857142857142
10488,9992.0,0.7619047619047619
10489,0.0,2.0
10490,0.0,2.0
10491,0.0,2.0
10492,0.0,2.0
10493,9922.0,0.26190476190476186
10494,9870.0,0.5476190476190477
10495,10124.0,0.16666666666666652
10496,9975.0,0.7619047619047619
10497,9895.0,1.2142857142857144
10498,9864.0,0.26190476190476186
10499,10072.0,0.19047619047619035
10500,9979.0,0.33333333333333315
10501,10017.0,0.07142857142857129
10502,10119.0,0.33333333333333315
10503,10076.0,0.8571428571428571
10505,0.0,2.0
10506,0.0,2.0
10507,0.0,2.0
10508,10104.0,0.5476190476190477
10509,9996.0,0.38095238095238093
10510,9958.0,0.4285714285714285
10511,0.0,2.0
10512,0.0,2.0
10513,9925.0,0.2857142857142856
10514,0.0,2.0
10515,0.0,2.0
10516,0.0,2.0
10517,9929.0,0.3095238095238094
10518,9809.0,0.09523809523809523
10519,9898.0,0.9047619047619048
10520,0.0,2.0
10521,9854.0,1.1904761904761905
10522,10095.0,0.023809523809523725
10523,10063.0,0.45238095238095233
10524,9978.0,0.6428571428571428
10525,0.0,2.0
10526,9982.0,0.9285714285714286
10527,0.0,2.0
10528,0.0,2.0
10529,0.0,2.0
10530,9980.0,0.5714285714285714
10531,10001.0,0.7857142857142857
10532,9937.0,0.4285714285714285
10533,0.0,2.0
10534,0.0,2.0
10535,10083.0,0.23809523809523792
10536,10089.0,0.19047619047619035
10537,0.0,2.0
10538,0.0,2.0
10539,9960.0,1.0476190476190477
10540,9962.0,1.0476190476190477
10541,0.0,2.0
10542,0.0,2.0
10543,0.0,2.0
10544,10117.0,0.40476190476190466
10545,0.0,2.0
10546,10098.0,0.16666666666666652
10547,0.0,2.0
10548,0.0,2.0
10549,9949.0,0.5952380952380951
10550,0.0,2.0
10551,10086.0,0.40476190476190466
10552,0.0,2.0
10553,10028.0,0.26190476190476186
10554,0.0,2.0
10555,0.0,2.0
10556,0.0,2.0
10557,0.0,2.0
10558,0.0,2.0
10559,10036.0,0.5238095238095237
10560,0.0,2.0
10561,0.0,2.0
10562,0.0,2.0
10563,10073.0,0.26190476190476186
10564,0.0,2.0
10565,10007.0,0.023809523809523725
10566,0.0,2.0
10567,0.0,2.0
10568,10065.0,0.5476190476190477
10569,0.0,2.0
10570,0.0,2.0
10571,9899.0,0.1428571428571428
10572,0.0,2.0
10573,0.0,2.0
10574,10162.0,0.3571428571428571
10575,0.0,2.0
10576,0.0,2.0
10577,9953.0,1.0714285714285714
10578,10173.0,0.5952380952380951
10579,0.0,2.0
10580,0.0,2.0
10581,0.0,2.0
10582,0.0,2.0
10583,0.0,2.0
10584,0.0,2.0
10585,0.0,2.0
10586,0.0,2.0
10587,10032.0,0.619047619047619
10588,0.0,2.0
10589,10139.0,0.38095238095238093
10590,10100.0,1.5476190476190477
10591,10043.0,1.2619047619047619
10592,10087.0,0.1428571428571428
10593,0.0,2.0
10594,10004.0,0.04761904761904756
10595,10068.0,0.04761904761904756
10596,0.0,2.0
10597,0.0,2.0
10598,10110.0,0.11904761904761896
10599,0.0,2.0
10600,0.0,2.0
10601,0.0,2.0
10602,9954.0,0.2142857142857142
10603,0.0,2.0
10604,0.0,2.0
10605,0.0,2.0
10606,0.0,2.0
10607,0.0,2.0
10608,10225.0,0.19047619047619035
10609,10158.0,0.38095238095238093
10610,10077.0,0.5476190476190477
10611,10059.0,0.2142857142857142
10612,9965.0,0.38095238095238093
10613,0.0,2.0
10614,0.0,2.0
10615,10066.0,0.3095238095238094
10616,0.0,2.0
10617,0.0,2.0
10618,0.0,2.0
10619,0.0,2.0
10620,0.0,2.0
10621,0.0,2.0
10622,10132.0,0.47619047619047605
10623,10105.0,0.4285714285714285
10624,0.0,2.0
10625,9931.0,1.2619047619047619
10626,0.0,2.0
10627,0.0,2.0
10628,0.0,2.0
10629,0.0,2.0
10630,10045.0,0.9523809523809523
10631,0.0,2.0
10632,0.0,2.0
10633,10247.0,0.2857142857142856
10634,10172.0,0.04761904761904756
10635,0.0,2.0
10636,10120.0,0.16666666666666652
10637,10149.0,0.5238095238095237
10638,0.0,2.0
10639,10074.0,0.07142857142857129
10640,9984.0,0.45238095238095233
10641,0.0,2.0
10642,0.0,2.0
10644,0.0,2.0
10645,10067.0,0.5238095238095237
10646,0.0,2.0
10647,0.0,2.0
10648,10249.0,0.7619047619047619
10649,0.0,2.0
10650,0.0,2.0
10651,10196.0,0.26190476190476186
10652,0.0,2.0
10653,10198.0,0.26190476190476186
10654,10058.0,0.26190476190476186
10655,0.0,2.0
10656,0.0,2.0
10657,0.0,2.0
10658,0.0,2.0
10659,10214.0,0.7857142857142857
10660,10133.0,0.6666666666666665
10661,10113.0,0.619047619047619
10662,10054.0,0.47619047619047605
10663,10023.0,0.5714285714285714
10664,0.0,2.0
10665,0.0,2.0
10666,10230.0,0.09523809523809523
10667,0.0,2.0
10668,10128.0,0.16666666666666652
10669,10114.0,1.0238095238095237
10670,0.0,2.0
10671,0.0,2.0
10672,9998.0,0.4999999999999999
10673,0.0,2.0
10674,9955.0,0.6904761904761905
10675,0.0,2.0
10676,0.0,2.0
10677,0.0,2.0
10678,0.0,2.0
10679,0.0,2.0
10680,10177.0,0.3095238095238094
10681,0.0,2.0
10682,0.0,2.0
10683,0.0,2.0
10684,10347.0,0.3571428571428571
10685,0.0,2.0
10686,0.0,2.0
10687,0.0,2.0
10688,10093.0,0.5476190476190477
10689,9973.0,0.7619047619047619
10690,0.0,2.0
10691,10240.0,0.5714285714285714
10692,10231.0,0.3095238095238094
10693,10207.0,0.33333333333333315
10694,0.0,2.0
10695,0.0,2.0
10696,10205.0,0.47619047619047605
10697,0.0,2.0
10698,0.0,2.0
10699,0.0,2.0
10700,10232.0,0.5952380952380951
10701,10201.0,0.33333333333333315
10702,0.0,2.0
10703,10140.0,0.38095238095238093
10704,0.0,2.0
10705,0.0,2.0
10707,0.0,2.0
10708,0.0,2.0
10709,10181.0,0.9761904761904762
10710,10301.0,0.16666666666666652
10711,0.0,2.0
10712,10163.0,0.40476190476190466
10713,0.0,2.0
10714,0.0,2.0
10715,10224.0,0.19047619047619035
10716,10187.0,0.2142857142857142
10717,0.0,2.0
10718,10034.0,0.38095238095238093
10719,10116.0,0.33333333333333315
10720,10299.0,0.38095238095238093
10721,10267.0,0.7142857142857142
10722,10169.0,0.2142857142857142
10723,10141.0,0.19047619047619035
10725,0.0,2.0
10726,10223.0,0.9285714285714286
10727,0.0,2.0
10728,0.0,2.0
10729,0.0,2.0
10730,0.0,2.0
10731,0.0,2.0
10732,10183.0,0.11904761904761896
10733,0.0,2.0
10734,10091.0,0.023809523809523725
10735,10257.0,0.4285714285714285
10736,0.0,2.0
10737,0.0,2.0
10738,0.0,2.0
10739,0.0,2.0
10740,0.0,2.0
10741,0.0,2.0
10742,0.0,2.0
10743,10292.0,0.16666666666666652
10744,0.0,2.0
10745,10216.0,0.47619047619047605
10746,10130.0,0.11904761904761896
10747,0.0,2.0
10748,0.0,2.0
10749,10304.0,0.47619047619047605
10750,0.0,2.0
10751,0.0,2.0
10752,10176.0,0.33333333333333315
10753,0.0,2.0
10754,10331.0,0.07142857142857129
10755,10283.0,0.2857142857142856
10756,0.0,2.0
10757,10226.0,0.40476190476190466
10758,0.0,2.0
10759,0.0,2.0
10760,10421.0,0.7619047619047619
10761,0.0,2.0
10762,0.0,2.0
10763,10248.0,0.1428571428571428
10764,0.0,2.0
10765,0.0,2.0
10766,0.0,2.0
10767,10165.0,0.40476190476190466
10768,0.0,2.0
10769,10161.0,0.19047619047619035
10770,10055.0,0.8809523809523809
10771,0.0,2.0
10772,10242.0,0.5238095238095237
10773,0.0,2.0
10774,10156.0,0.5476190476190477
10775,10164.0,0.11904761904761896
10776,10131.0,0.04761904761904756
10777,10435.0,0.09523809523809523
10778,10208.0,0.19047619047619035
10779,0.0,2.0
10780,0.0,2.0
10781,0.0,2.0
10782,10339.0,0.40476190476190466
10784,0.0,2.0
10785,10236.0,0.45238095238095233
10786,0.0,2.0
10787,10178.0,0.11904761904761896
10788,10377.0,0.3095238095238094
10789,10324.0,0.38095238095238093
10790,10332.0,0.16666666666666652
10791,10290.0,0.11904761904761896
10792,10209.0,0.45238095238095233
10793,10204.0,0.6666666666666665
10794,0.0,2.0
10795,0.0,2.0
10796,10137.0,0.40476190476190466
10797,10261.0,0.6428571428571428
10798,10115.0,0.1428571428571428
10799,10337.0,0.09523809523809523
10800,0.0,2.0
10801,0.0,2.0
10802,0.0,2.0
10803,10220.0,0.619047619047619
10804,0.0,2.0
10805,0.0,2.0
10806,10354.0,0.619047619047619
10807,10254.0,0.619047619047619
10808,0.0,2.0
10809,10380.0,1.1666666666666667
10810,10396.0,0.6428571428571428
10811,10308.0,0.33333333333333315
10812,10235.0,0.11904761904761896
10813,10244.0,0.2142857142857142
10814,0.0,2.0
10815,0.0,2.0
10816,0.0,2.0
10817,10438.0,0.07142857142857129
10818,0.0,2.0
10819,10302.0,0.23809523809523792
10820,0.0,2.0
10821,0.0,2.0
10822,0.0,2.0
10823,0.0,2.0
10824,0.0,2.0
10825,0.0,2.0
10826,10285.0,0.45238095238095233
10827,10286.0,0.2857142857142856
10829,10227.0,0.47619047619047605
10830,0.0,2.0
10831,0.0,2.0
10832,0.0,2.0
10833,0.0,2.0
10834,10423.0,0.40476190476190466
10835,10219.0,0.09523809523809523
10836,10311.0,0.738095238095238
10837,0.0,2.0
10838,0.0,2.0
10839,0.0,2.0
10840,0.0,2.0
10841,10263.0,0.45238095238095233
10842,0.0,2.0
10843,0.0,2.0
10844,10313.0,0.11904761904761896
10845,10306.0,0.23809523809523792
10846,10265.0,0.4285714285714285
10847,10404.0,0.4999999999999999
10848,0.0,2.0
10850,0.0,2.0
10851,10361.0,0.47619047619047605
10852,10179.0,0.40476190476190466
10853,0.0,2.0
10854,0.0,2.0
10855,0.0,2.0
10856,10268.0,0.07142857142857129
10857,0.0,2.0
10858,0.0,2.0
10859,10440.0,0.26190476190476186
10860,0.0,2.0
10861,0.0,2.0
10862,10381.0,0.619047619047619
10863,0.0,2.0
10864,10412.0,0.04761904761904756
10865,0.0,2.0
10866,0.0,2.0
10867,10340.0,0.9285714285714286
10868,0.0,2.0
10869,0.0,2.0
10870,10184.0,0.38095238095238093
10871,0.0,2.0
10872,10392.0,0.33333333333333315
10873,10316.0,0.40476190476190466
10874,10330.0,0.9761904761904762
10875,0.0,2.0
10876,10276.0,0.2142857142857142
10877,0.0,2.0
10878,0.0,2.0
10880,0.0,2.0
10881,0.0,2.0
10882,10166.0,0.11904761904761896
10883,10256.0,0.7619047619047619
10884,0.0,2.0
10885,10483.0,0.40476190476190466
10886,10446.0,0.619047619047619
10887,10342.0,0.47619047619047605
10888,0.0,2.0
10889,10326.0,0.023809523809523725
10890,0.0,2.0
10891,10362.0,0.47619047619047605
10892,0.0,2.0
10893,0.0,2.0
10894,0.0,2.0
10895,0.0,2.0
10896,10325.0,0.3571428571428571
10897,0.0,2.0
10898,10360.0,0.2857142857142856
10899,10215.0,1.1666666666666667
10900,0.0,2.0
10901,10312.0,0.45238095238095233
10902,0.0,2.0
10903,0.0,2.0
10904,0.0,2.0
10905,10341.0,0.11904761904761896
10906,10328.0,0.9285714285714286
10907,0.0,2.0
10908,10229.0,0.4285714285714285
10909,10468.0,0.6666666666666665
10910,0.0,2.0
10911,10504.0,0.5952380952380951
10912,0.0,2.0
10913,0.0,2.0
10914,0.0,2.0
10915,0.0,2.0
10916,0.0,2.0
10917,0.0,2.0
10918,0.0,2.0
10919,0.0,2.0
10920,10482.0,0.2857142857142856
10921,10280.0,0.3095238095238094
10922,10180.0,0.11904761904761896
10923,0.0,2.0
10924,10319.0,0.23809523809523792
10925,0.0,2.0
10926,10195.0,0.9523809523809523
10927,10540.0,0.04761904761904756
10928,10480.0,0.26190476190476186
10929,0.0,2.0
10930,0.0,2.0
10931,10379.0,0.04761904761904756
10932,10389.0,0.19047619047619035
10933,10355.0,0.47619047619047605
10934,0.0,2.0
10935,0.0,2.0
10936,0.0,2.0
10937,0.0,2.0
10938,0.0,2.0
10939,0.0,2.0
10940,10191.0,0.4999999999999999
10941,10315.0,0.19047619047619035
10942,0.0,2.0
10943,10430.0,1.0476190476190477
10944,0.0,2.0
10945,10399.0,0.4999999999999999
10946,10432.0,0.2857142857142856
10947,0.0,2.0
10948,0.0,2.0
10949,10291.0,0.5238095238095237
10950,0.0,2.0
10951,0.0,2.0
10952,10494.0,0.4285714285714285
10953,0.0,2.0
10954,10486.0,0.2857142857142856
10955,10393.0,0.9285714285714286
10956,0.0,2.0
10957,0.0,2.0
10958,0.0,2.0
10959,0.0,2.0
10960,10548.0,0.16666666666666652
10961,0.0,2.0
10962,10266.0,0.4285714285714285
10963,0.0,2.0
10964,0.0,2.0
10965,10642.0,0.5476190476190477
10966,0.0,2.0
10967,0.0,2.0
10968,10382.0,1.3571428571428572
10969,10407.0,0.023809523809523725
10970,0.0,2.0
10972,0.0,2.0
10973,0.0,2.0
10974,0.0,2.0
10975,0.0,2.0
10976,0.0,2.0
10977,10406.0,0.16666666666666652
10978,10318.0,0.2857142857142856
10979,0.0,2.0
10980,10350.0,0.9761904761904762
10981,10203.0,0.7619047619047619
10982,0.0,2.0
10983,10329.0,0.23809523809523792
10984,10320.0,0.8571428571428571
10985,10521.0,0.11904761904761896
10986,10498.0,0.5714285714285714
10987,10414.0,0.023809523809523725
10988,0.0,2.0
10989,10508.0,0.26190476190476186
10990,10385.0,0.8571428571428571
10991,10587.0,0.19047619047619035
10992,0.0,2.0
10993,10549.0,0.5952380952380951
10994,0.0,2.0
10995,10400.0,1.0
10996,10415.0,1.0
10997,0.0,2.0
10998,10418.0,0.09523809523809523
10999,0.0,2.0
11000,0.0,2.0
11001,10541.0,0.45238095238095233
11002,0.0,2.0
11003,10604.0,0.6904761904761905
11004,10449.0,0.4999999999999999
11005,10394.0,0.26190476190476186
11006,10408.0,0.07142857142857129
11007,0.0,2.0
11008,0.0,2.0
11009,0.0,2.0
11010,10499.0,0.9523809523809523
11011,0.0,2.0
11012,10463.0,0.09523809523809523
11013,10426.0,0.11904761904761896
11014,0.0,2.0
11015,10307.0,0.2857142857142856
11016,0.0,2.0
11017,0.0,2.0
11018,0.0,2.0
11019,10559.0,0.4999999999999999
11020,10502.0,0.2857142857142856
11021,0.0,2.0
11023,0.0,2.0
11024,0.0,2.0
11025,0.0,2.0
11026,10413.0,0.04761904761904756
11027,10462.0,0.4285714285714285
11028,10390.0,0.8809523809523809
11029,10370.0,0.023809523809523725
11030,0.0,2.0
11031,0.0,2.0
11032,10561.0,0.4285714285714285
11033,0.0,2.0
11034,10476.0,0.04761904761904756
11035,10563.0,1.4523809523809523
11036,0.0,2.0
11037,10675.0,0.04761904761904756
11038,10574.0,0.33333333333333315
11039,10489.0,0.4999999999999999
11040,0.0,2.0
11041,10474.0,0.3095238095238094
11042,0.0,2.0
11043,0.0,2.0
11044,10520.0,0.1428571428571428
11045,0.0,2.0
11046,10558.0,0.26190476190476186
11047,0.0,2.0
11048,10447.0,0.2857142857142856
11049,0.0,2.0
11050,10490.0,0.2857142857142856
11051,10464.0,0.19047619047619035
11052,0.0,2.0
11053,0.0,2.0
11054,10542.0,0.5952380952380951
11055,10538.0,0.3095238095238094
11056,0.0,2.0
11057,0.0,2.0
11058,10506.0,0.26190476190476186
11059,10500.0,1.2619047619047619
11060,0.0,2.0
11061,0.0,2.0
11062,0.0,2.0
11063,10592.0,0.619047619047619
11064,10471.0,0.26190476190476186
11065,0.0,2.0
11066,10665.0,0.11904761904761896
11067,10770.0,0.07142857142857129
11068,0.0,2.0
11070,10417.0,0.8095238095238095
11071,10459.0,0.3095238095238094
11072,0.0,2.0
11073,10518.0,0.07142857142857129
11074,10473.0,0.2857142857142856
11075,0.0,2.0
11076,0.0,2.0
11077,10630.0,1.1904761904761905
11078,0.0,2.0
11079,0.0,2.0
11080,0.0,2.0
11081,10363.0,0.11904761904761896
11082,0.0,2.0
11083,10603.0,0.6428571428571428
11084,10536.0,0.6428571428571428
11085,0.0,2.0
11086,0.0,2.0
11087,10588.0,0.33333333333333315
11088,0.0,2.0
11089,10631.0,0.6666666666666665
11090,10517.0,0.47619047619047605
11091,0.0,2.0
11092,10416.0,0.5476190476190477
11093,0.0,2.0
11094,0.0,2.0
11095,10457.0,0.7142857142857142
11096,0.0,2.0
11097,10554.0,0.33333333333333315
11099,0.0,2.0
11100,10621.0,0.2857142857142856
11101,10593.0,0.6904761904761905
11102,0.0,2.0
11103,10495.0,0.4285714285714285
11104,0.0,2.0
11105,0.0,2.0
11106,10493.0,0.16666666666666652
11107,0.0,2.0
11108,10533.0,0.2142857142857142
11109,10569.0,0.5238095238095237
11110,0.0,2.0
11111,10638.0,0.47619047619047605
11112,0.0,2.0
11113,0.0,2.0
11114,0.0,2.0
11115,10594.0,0.2857142857142856
11116,10387.0,0.6666666666666665
11117,10708.0,0.16666666666666652
11118,0.0,2.0
11119,0.0,2.0
11120,0.0,2.0
11121,10528.0,0.19047619047619035
11122,0.0,2.0
11123,10466.0,1.5952380952380953
11124,10444.0,0.1428571428571428
11125,10420.0,0.19047619047619035
11126,0.0,2.0
11127,0.0,2.0
11128,10622.0,0.09523809523809523
11129,0.0,2.0
11130,10583.0,0.40476190476190466
11131,0.0,2.0
11132,10640.0,0.2142857142857142
11133,10567.0,0.09523809523809523
11134,10595.0,0.2857142857142856
11135,0.0,2.0
11136,10681.0,0.33333333333333315
11137,10614.0,0.11904761904761896
11138,0.0,2.0
11139,0.0,2.0
11140,10428.0,0.47619047619047605
11141,10575.0,0.5238095238095237
11142,10741.0,0.4999999999999999
11143,0.0,2.0
11144,0.0,2.0
11145,0.0,2.0
11146,10546.0,0.04761904761904756
11147,0.0,2.0
11148,0.0,2.0
11149,0.0,2.0
11150,10534.0,0.3095238095238094
11151,10503.0,0.2142857142857142
11152,0.0,2.0
11153,0.0,2.0
11154,10698.0,1.666666666666667
11155,0.0,2.0
11156,10866.0,0.1428571428571428
11157,0.0,2.0
11158,10607.0,0.6666666666666665
11159,10510.0,0.5952380952380951
11161,0.0,2.0
11162,10704.0,1.0
11163,10667.0,0.7142857142857142
11164,0.0,2.0
11165,0.0,2.0
11166,0.0,2.0
11167,10650.0,0.47619047619047605
11168,10519.0,0.3095238095238094
11169,0.0,2.0
11170,10590.0,1.5476190476190477
11171,10652.0,0.47619047619047605
11172,10671.0,0.04761904761904756
11173,10530.0,0.23809523809523792
11174,10705.0,0.45238095238095233
11175,10763.0,0.19047619047619035
11176,0.0,2.0
11177,0.0,2.0
11178,10522.0,0.619047619047619
11179,10676.0,0.23809523809523792
11180,0.0,2.0
11181,0.0,2.0
11182,0.0,2.0
11183,0.0,2.0
11184,0.0,2.0
11185,10669.0,0.6904761904761905
11186,10579.0,0.1428571428571428
11187,0.0,2.0
11188,10715.0,0.4285714285714285
11189,0.0,2.0
11190,10571.0,0.23809523809523792
11191,10822.0,1.0
11192,10784.0,0.47619047619047605
11193,10552.0,0.23809523809523792
11194,10769.0,0.11904761904761896
11195,10801.0,0.619047619047619
11196,10752.0,0.1428571428571428
11197,10720.0,0.5714285714285714
11198,10693.0,0.40476190476190466
11199,0.0,2.0
11200,0.0,2.0
11201,10529.0,0.16666666666666652
11202,0.0,2.0
11203,10434.0,1.0
11204,0.0,2.0
11205,0.0,2.0
11206,10651.0,0.09523809523809523
11207,10578.0,0.5714285714285714
11208,10616.0,1.0476190476190477
11209,0.0,2.0
11210,0.0,2.0
11211,0.0,2.0
11212,0.0,2.0
11213,0.0,2.0
11214,0.0,2.0
11215,0.0,2.0
11216,10775.0,0.2857142857142856
11217,10717.0,1.3333333333333335
11218,10629.0,1.0476190476190477
11219,10684.0,0.16666666666666652
11220,10718.0,0.5238095238095237
11221,0.0,2.0
11222,10747.0,0.45238095238095233
11223,10633.0,0.47619047619047605
11224,10584.0,0.47619047619047605
11225,0.0,2.0
11226,0.0,2.0
11227,10706.0,0.16666666666666652
11228,10678.0,0.09523809523809523
11229,0.0,2.0
11230,10707.0,0.40476190476190466
11231,10694.0,0.33333333333333315
11232,0.0,2.0
11233,0.0,2.0
11234,10619.0,0.45238095238095233
11235,10831.0,0.1428571428571428
11236,0.0,2.0
11237,0.0,2.0
11238,0.0,2.0
11239,0.0,2.0
11240,10767.0,0.8809523809523809
11241,0.0,2.0
11242,0.0,2.0
11243,10843.0,0.7857142857142857
11244,0.0,2.0
11245,0.0,2.0
11246,0.0,2.0
11247,10803.0,0.26190476190476186
11248,0.0,2.0
11249,0.0,2.0
11250,0.0,2.0
11251,0.0,2.0
11252,0.0,2.0
11253,10754.0,0.40476190476190466
11254,0.0,2.0
11255,0.0,2.0
11256,10802.0,0.07142857142857129
11257,10591.0,0.5714285714285714
11258,0.0,2.0
11259,10673.0,0.6904761904761905
11260,10547.0,0.33333333333333315
11261,0.0,2.0
11262,10755.0,0.3571428571428571
11263,10730.0,0.47619047619047605
11264,0.0,2.0
11265,10695.0,0.07142857142857129
11266,0.0,2.0
11268,10679.0,0.3095238095238094
11269,0.0,2.0
11270,0.0,2.0
11271,10786.0,0.19047619047619035
11272,10685.0,0.5952380952380951
11273,10661.0,1.0476190476190477
11274,10690.0,0.33333333333333315
11275,10656.0,0.16666666666666652
11276,0.0,2.0
11277,10531.0,1.0
11278,10762.0,0.38095238095238093
11280,0.0,2.0
11281,10692.0,0.4285714285714285
11282,0.0,2.0
11283,0.0,2.0
11284,0.0,2.0
11285,10853.0,0.7142857142857142
11286,10892.0,0.738095238095238
11287,0.0,2.0
11288,10746.0,0.16666666666666652
11289,0.0,2.0
11290,10733.0,0.4285714285714285
11291,0.0,2.0
11292,10972.0,0.8095238095238095
11293,0.0,2.0
11294,0.0,2.0
11295,10740.0,0.11904761904761896
11296,10697.0,0.38095238095238093
11297,10744.0,0.4999999999999999
11298,0.0,2.0
11299,10882.0,0.3095238095238094
11300,0.0,2.0
11301,0.0,2.0
11302,10765.0,0.2857142857142856
11303,0.0,2.0
11304,10646.0,0.2857142857142856
11305,10869.0,1.0714285714285714
11306,10878.0,1.119047619047619
11307,10832.0,0.3571428571428571
11308,0.0,2.0
11309,10771.0,0.3571428571428571
11310,0.0,2.0
11311,0.0,2.0
11312,0.0,2.0
11313,0.0,2.0
11314,0.0,2.0
11315,0.0,2.0
11316,10670.0,0.45238095238095233
11317,0.0,2.0
11318,10925.0,0.1428571428571428
11319,0.0,2.0
11320,0.0,2.0
11321,0.0,2.0
11322,10645.0,0.8333333333333333
11323,0.0,2.0
11324,0.0,2.0
11325,0.0,2.0
11326,10820.0,0.11904761904761896
11327,0.0,2.0
11328,0.0,2.0
11329,10773.0,0.47619047619047605
11330,0.0,2.0
11331,10823.0,0.1428571428571428
11332,10813.0,0.5238095238095237
11333,0.0,2.0
11334,0.0,2.0
11335,10837.0,0.2857142857142856
11336,0.0,2.0
11337,0.0,2.0
11338,0.0,2.0
11339,10800.0,0.619047619047619
11340,10814.0,0.5238095238095237
11341,0.0,2.0
11342,0.0,2.0
11343,10696.0,0.09523809523809523
11344,0.0,2.0
11345,0.0,2.0
11346,10874.0,0.5238095238095237
11347,10792.0,0.23809523809523792
11348,0.0,2.0
11349,0.0,2.0
11350,0.0,2.0
11351,10904.0,0.19047619047619035
11352,0.0,2.0
11353,10920.0,0.1428571428571428
11354,10911.0,0.33333333333333315
11355,0.0,2.0
11356,0.0,2.0
11357,10778.0,1.3095238095238095
11358,0.0,2.0
11359,10691.0,1.0238095238095237
11360,0.0,2.0
11361,10713.0,0.7619047619047619
11362,10910.0,0.47619047619047605
11363,10982.0,0.47619047619047605
11364,10900.0,0.5714285714285714
11365,0.0,2.0
11366,10926.0,0.07142857142857129
11367,0.0,2.0
11368,10872.0,0.9047619047619048
11369,0.0,2.0
11370,10839.0,0.738095238095238
11371,10782.0,0.26190476190476186
11372,0.0,2.0
11373,10783.0,0.5952380952380951
11374,0.0,2.0
11375,10903.0,0.09523809523809523
11376,0.0,2.0
11377,0.0,2.0
11378,10722.0,0.09523809523809523
11379,10756.0,0.38095238095238093
11380,0.0,2.0
11381,10734.0,0.19047619047619035
11382,0.0,2.0
11383,10833.0,0.8571428571428571
11384,0.0,2.0
11385,10883.0,1.0952380952380953
11386,10907.0,0.09523809523809523
11387,10790.0,0.16666666666666652
11388,0.0,2.0
11389,0.0,2.0
11390,10836.0,0.38095238095238093
11391,0.0,2.0
11392,10935.0,1.0714285714285714
11393,0.0,2.0
11394,10890.0,0.47619047619047605
11395,10848.0,0.3095238095238094
11396,10873.0,0.6904761904761905
11397,10960.0,0.7857142857142857
11398,0.0,2.0
11399,10834.0,0.3571428571428571
11400,10884.0,0.8095238095238095
11401,0.0,2.0
11402,0.0,2.0
11403,10990.0,0.4285714285714285
11404,10772.0,0.16666666666666652
11405,0.0,2.0
11406,0.0,2.0
11407,10760.0,0.07142857142857129
11408,0.0,2.0
11409,0.0,2.0
11410,0.0,2.0
11411,0.0,2.0
11413,0.0,2.0
11414,10759.0,0.26190476190476186
11415,10780.0,0.3571428571428571
11416,0.0,2.0
11417,0.0,2.0
11418,0.0,2.0
11419,10936.0,0.7619047619047619
11420,10875.0,0.6904761904761905
11421,10810.0,0.33333333333333315
11422,0.0,2.0
11424,0.0,2.0
11425,10946.0,0.11904761904761896
11426,0.0,2.0
11427,0.0,2.0
11428,0.0,2.0
11429,0.0,2.0
11431,10856.0,0.3571428571428571
11432,0.0,2.0
11433,0.0,2.0
11434,11016.0,0.619047619047619
11435,10974.0,0.19047619047619035
11436,0.0,2.0
11437,10774.0,0.2857142857142856
11438,0.0,2.0
11439,0.0,2.0
11440,10768.0,0.16666666666666652
11441,10806.0,0.8809523809523809
11442,0.0,2.0
11443,10867.0,0.7142857142857142
11444,10981.0,0.38095238095238093
11445,0.0,2.0
11446,0.0,2.0
11447,10807.0,0.11904761904761896
11448,10868.0,0.023809523809523725
11449,0.0,2.0
11450,0.0,2.0
11451,10804.0,0.3571428571428571
11452,0.0,2.0
11453,0.0,2.0
11454,11009.0,0.45238095238095233
11455,0.0,2.0
11457,11017.0,0.2857142857142856
11458,0.0,2.0
11459,0.0,2.0
11460,0.0,2.0
11461,10964.0,0.47619047619047605
11462,0.0,2.0
11463,0.0,2.0
11464,0.0,2.0
11465,10886.0,0.5714285714285714
11466,0.0,2.0
11467,11045.0,0.26190476190476186
11468,11053.0,0.023809523809523725
11469,11040.0,0.8333333333333333
11470,0.0,2.0
11471,0.0,2.0
11472,10846.0,0.38095238095238093
11473,0.0,2.0
11474,0.0,2.0
11475,10791.0,0.47619047619047605
11476,11102.0,0.33333333333333315
11477,0.0,2.0
11478,11025.0,0.6904761904761905
11479,0.0,2.0
11480,0.0,2.0
11481,11030.0,0.3095238095238094
11482,0.0,2.0
11483,10919.0,0.33333333333333315
11484,11067.0,0.6428571428571428
11485,0.0,2.0
11486,0.0,2.0
11487,10842.0,0.8095238095238095
11488,11066.0,0.2142857142857142
11489,0.0,2.0
11490,11022.0,1.2142857142857144
11491,10930.0,0.8333333333333333
11492,10788.0,0.023809523809523725
11493,10909.0,0.3095238095238094
11494,0.0,2.0
11495,0.0,2.0
11496,0.0,2.0
11497,0.0,2.0
11498,10977.0,1.0
11499,10929.0,0.16666666666666652
11500,0.0,2.0
11501,0.0,2.0
11502,0.0,2.0
11503,0.0,2.0
11504,0.0,2.0
11505,0.0,2.0
11506,0.0,2.0
11507,0.0,2.0
11508,0.0,2.0
11509,11031.0,0.9285714285714286
11510,0.0,2.0
11511,0.0,2.0
11512,0.0,2.0
11513,0.0,2.0
11514,0.0,2.0
11515,0.0,2.0
11516,10956.0,0.6428571428571428
11517,10865.0,0.47619047619047605
11518,10855.0,0.33333333333333315
11519,0.0,2.0
11520,10938.0,0.38095238095238093
11521,0.0,2.0
11522,10857.0,0.5714285714285714
11523,10999.0,0.07142857142857129
11524,0.0,2.0
11525,0.0,2.0
11526,0.0,2.0
11527,10992.0,0.2857142857142856
11528,10961.0,0.023809523809523725
11529,0.0,2.0
11530,10962.0,0.2857142857142856
11531,0.0,2.0
11532,0.0,2.0
11533,11197.0,0.38095238095238093
11534,11111.0,0.16666666666666652
11535,0.0,2.0
11536,10908.0,0.3095238095238094
11537,0.0,2.0
11538,0.0,2.0
11539,0.0,2.0
11540,0.0,2.0
11541,10851.0,0.40476190476190466
11542,11104.0,0.40476190476190466
11543,0.0,2.0
11544,10877.0,0.04761904761904756
11545,0.0,2.0
11546,0.0,2.0
11547,0.0,2.0
11548,11046.0,1.0952380952380953
11549,11090.0,0.9047619047619048
11550,10996.0,0.2142857142857142
11551,10916.0,0.47619047619047605
11552,0.0,2.0
11554,0.0,2.0
11555,0.0,2.0
11556,0.0,2.0
11557,10986.0,0.23809523809523792
11558,0.0,2.0
11559,11129.0,0.19047619047619035
11560,11156.0,0.3571428571428571
11561,11138.0,0.2857142857142856
11562,11119.0,0.4999999999999999
11563,11085.0,0.5714285714285714
11564,0.0,2.0
11565,0.0,2.0
11566,11115.0,0.2857142857142856
11567,0.0,2.0
11568,0.0,2.0
11569,10932.0,0.11904761904761896
11570,10966.0,0.2857142857142856
11571,10994.0,0.47619047619047605
11572,0.0,2.0
11573,0.0,2.0
11574,0.0,2.0
11575,0.0,2.0
11576,11041.0,0.3095238095238094
11577,0.0,2.0
11578,0.0,2.0
11579,11081.0,0.11904761904761896
11580,0.0,2.0
11581,0.0,2.0
11582,11080.0,0.3095238095238094
11583,11117.0,0.16666666666666652
11584,11082.0,0.1428571428571428
11585,11059.0,0.09523809523809523
11586,0.0,2.0
11587,0.0,2.0
11588,0.0,2.0
11589,0.0,2.0
11590,11112.0,0.3095238095238094
11591,11042.0,0.9523809523809523
11592,0.0,2.0
11593,0.0,2.0
11594,0.0,2.0
11595,11143.0,0.6666666666666665
11596,0.0,2.0
11597,11062.0,0.33333333333333315
11598,0.0,2.0
11599,0.0,2.0
11600,0.0,2.0
11601,10950.0,0.8095238095238095
11602,0.0,2.0
11603,0.0,2.0
11604,11083.0,0.38095238095238093
11605,10998.0,0.33333333333333315
11606,0.0,2.0
11607,0.0,2.0
11608,0.0,2.0
11609,0.0,2.0
11610,0.0,2.0
11611,11157.0,0.33333333333333315
11612,0.0,2.0
11613,11217.0,0.5476190476190477
11614,0.0,2.0
11615,0.0,2.0
11616,0.0,2.0
11617,0.0,2.0
11618,11012.0,0.33333333333333315
11619,11175.0,0.16666666666666652
11620,0.0,2.0
11621,11032.0,0.2857142857142856
11622,0.0,2.0
11623,0.0,2.0
11624,0.0,2.0
11625,0.0,2.0
11626,0.0,2.0
11627,10942.0,1.3333333333333335
11628,0.0,2.0
11629,0.0,2.0
11630,11250.0,0.33333333333333315
11631,0.0,2.0
11632,11024.0,0.26190476190476186
11633,0.0,2.0
11634,10958.0,0.11904761904761896
11635,0.0,2.0
11636,0.0,2.0
11637,0.0,2.0
11638,11058.0,0.2142857142857142
11639,11069.0,0.3095238095238094
11640,10963.0,0.8809523809523809
11641,11208.0,0.11904761904761896
11642,0.0,2.0
11643,11198.0,0.23809523809523792
11644,0.0,2.0
11645,11011.0,0.09523809523809523
11646,0.0,2.0
11647,0.0,2.0
11648,0.0,2.0
11649,0.0,2.0
11650,11096.0,0.2857142857142856
11651,0.0,2.0
11652,0.0,2.0
11653,0.0,2.0
11654,10898.0,1.2857142857142858
11655,0.0,2.0
11656,11122.0,0.5714285714285714
11657,11086.0,0.5476190476190477
11658,0.0,2.0
11659,0.0,2.0
11660,0.0,2.0
11661,11047.0,0.33333333333333315
11662,0.0,2.0
11663,11015.0,0.33333333333333315
11664,0.0,2.0
11665,11204.0,0.2857142857142856
11666,11149.0,1.523809523809524
11667,11071.0,0.23809523809523792
11668,11209.0,0.2142857142857142
11669,0.0,2.0
11670,0.0,2.0
11671,0.0,2.0
11672,0.0,2.0
11673,11211.0,0.7142857142857142
11674,0.0,2.0
11675,11183.0,0.40476190476190466
11676,11107.0,0.19047619047619035
11677,11056.0,0.3095238095238094
11678,0.0,2.0
11680,11034.0,0.6666666666666665
11681,11140.0,0.40476190476190466
11682,0.0,2.0
11683,11142.0,0.33333333333333315
11684,0.0,2.0
11685,11076.0,0.40476190476190466
11686,0.0,2.0
11687,0.0,2.0
11688,11052.0,0.33333333333333315
11689,11290.0,0.19047619047619035
11690,0.0,2.0
11691,0.0,2.0
11692,0.0,2.0
11693,11375.0,0.23809523809523792
11694,0.0,2.0
11695,0.0,2.0
11696,0.0,2.0
11697,0.0,2.0
11698,0.0,2.0
11699,0.0,2.0
11700,11051.0,0.04761904761904756
11701,0.0,2.0
11702,0.0,2.0
11703,11168.0,0.26190476190476186
11704,0.0,2.0
11705,11155.0,1.6428571428571428
11706,0.0,2.0
11707,11225.0,0.07142857142857129
11708,11189.0,0.04761904761904756
11709,11331.0,0.7857142857142857
11710,11224.0,0.16666666666666652
11711,11332.0,0.38095238095238093
11712,0.0,2.0
11713,11265.0,0.07142857142857129
11714,0.0,2.0
11715,11151.0,0.26190476190476186
11716,11075.0,1.4047619047619049
11717,0.0,2.0
11718,0.0,2.0
11719,11173.0,0.11904761904761896
11720,0.0,2.0
11721,0.0,2.0
11722,0.0,2.0
11723,0.0,2.0
11724,11210.0,0.2857142857142856
11725,11218.0,1.1666666666666667
11726,11165.0,0.5952380952380951
11727,11244.0,0.19047619047619035
11728,11108.0,0.04761904761904756
11729,0.0,2.0
11730,10969.0,0.2857142857142856
11731,11100.0,0.619047619047619
11732,11219.0,0.07142857142857129
11733,11166.0,0.38095238095238093
11734,11133.0,0.26190476190476186
11735,0.0,2.0
11736,0.0,2.0
11737,11248.0,0.8809523809523809
11738,11263.0,0.38095238095238093
11739,0.0,2.0
11740,0.0,2.0
11741,11337.0,0.2857142857142856
11742,0.0,2.0
11743,0.0,2.0
11744,11167.0,0.1428571428571428
11745,0.0,2.0
11746,0.0,2.0
11747,0.0,2.0
11748,11135.0,0.3571428571428571
11749,11036.0,0.3571428571428571
11750,11275.0,0.9285714285714286
11751,0.0,2.0
11752,0.0,2.0
11753,11270.0,0.09523809523809523
11754,11376.0,0.26190476190476186
11755,0.0,2.0
11756,0.0,2.0
11757,11007.0,0.04761904761904756
11758,11272.0,0.47619047619047605
11759,11286.0,0.38095238095238093
11760,0.0,2.0
11761,0.0,2.0
11762,11114.0,0.5714285714285714
11763,0.0,2.0
11764,0.0,2.0
11765,11423.0,0.5476190476190477
11766,0.0,2.0
11767,0.0,2.0
11768,11177.0,0.16666666666666652
11769,0.0,2.0
11770,0.0,2.0
11771,11306.0,0.07142857142857129
11772,0.0,2.0
11773,0.0,2.0
11774,11178.0,0.1428571428571428
11775,11192.0,0.8333333333333333
11776,0.0,2.0
11777,11266.0,0.6428571428571428
11778,0.0,2.0
11779,0.0,2.0
11780,11170.0,0.47619047619047605
11781,0.0,2.0
11782,11347.0,0.5476190476190477
11783,0.0,2.0
11784,11326.0,0.4285714285714285
11785,11252.0,0.40476190476190466
11786,0.0,2.0
11787,0.0,2.0
11788,0.0,2.0
11789,0.0,2.0
11790,11241.0,0.6428571428571428
11791,0.0,2.0
11792,0.0,2.0
11793,11099.0,0.19047619047619035
11794,11109.0,0.04761904761904756
11795,0.0,2.0
11796,11394.0,0.40476190476190466
11797,11316.0,0.04761904761904756
11798,0.0,2.0
11799,11260.0,0.2142857142857142
11800,0.0,2.0
11801,11261.0,0.26190476190476186
11802,0.0,2.0
11803,11227.0,0.7619047619047619
11804,11158.0,0.16666666666666652
11805,11221.0,0.19047619047619035
11806,0.0,2.0
11807,11339.0,0.8333333333333333
11808,0.0,2.0
11809,0.0,2.0
11810,0.0,2.0
11811,0.0,2.0
11812,0.0,2.0
11813,0.0,2.0
11814,11190.0,0.38095238095238093
11815,0.0,2.0
11816,0.0,2.0
11817,0.0,2.0
11818,0.0,2.0
11819,0.0,2.0
11820,11364.0,0.09523809523809523
11821,0.0,2.0
11822,0.0,2.0
11823,0.0,2.0
11824,0.0,2.0
11825,0.0,2.0
11826,0.0,2.0
11827,0.0,2.0
11828,0.0,2.0
11829,0.0,2.0
11830,11240.0,0.26190476190476186
11831,0.0,2.0
11832,11220.0,0.7142857142857142
11833,11127.0,0.26190476190476186
11834,0.0,2.0
11835,0.0,2.0
11836,0.0,2.0
11837,11418.0,0.6666666666666665
11838,11242.0,0.2142857142857142
11839,11309.0,0.8095238095238095
11840,0.0,2.0
11841,11479.0,0.33333333333333315
11842,0.0,2.0
11843,11318.0,0.6904761904761905
11844,0.0,2.0
11845,0.0,2.0
11846,0.0,2.0
11847,11333.0,0.38095238095238093
11848,0.0,2.0
11849,0.0,2.0
11850,0.0,2.0
11851,0.0,2.0
11852,0.0,2.0
11853,11273.0,0.09523809523809523
11854,11345.0,0.2142857142857142
11855,11335.0,0.6666666666666665
11856,0.0,2.0
11857,0.0,2.0
11858,0.0,2.0
11859,0.0,2.0
11860,11282.0,0.40476190476190466
11861,0.0,2.0
11862,11357.0,0.9761904761904762
11863,11432.0,0.023809523809523725
11864,0.0,2.0
11865,0.0,2.0
11866,11294.0,0.2142857142857142
11867,11407.0,0.38095238095238093
11868,0.0,2.0
11869,0.0,2.0
11870,11206.0,0.23809523809523792
11871,0.0,2.0
11872,0.0,2.0
11873,0.0,2.0
11874,0.0,2.0
11875,0.0,2.0
11876,11313.0,0.1428571428571428
11877,0.0,2.0
11878,0.0,2.0
11879,0.0,2.0
11880,11193.0,0.3095238095238094
11881,0.0,2.0
11882,0.0,2.0
11883,0.0,2.0
11884,0.0,2.0
11885,11518.0,0.19047619047619035
11886,0.0,2.0
11887,11414.0,0.6666666666666665
11888,0.0,2.0
11889,0.0,2.0
11890,0.0,2.0
11891,11259.0,0.40476190476190466
11892,11288.0,1.119047619047619
11893,11458.0,0.4285714285714285
11894,11287.0,0.47619047619047605
11895,11388.0,0.23809523809523792
11896,0.0,2.0
11897,11297.0,0.738095238095238
11898,11330.0,0.09523809523809523
11899,0.0,2.0
11900,11437.0,0.1428571428571428
11901,0.0,2.0
11902,11368.0,0.5714285714285714
11903,0.0,2.0
11904,11302.0,0.7857142857142857
11905,0.0,2.0
11906,11283.0,0.23809523809523792
11907,0.0,2.0
11908,0.0,2.0
11909,11404.0,0.33333333333333315
11910,0.0,2.0
11911,0.0,2.0
11912,0.0,2.0
11913,11315.0,0.26190476190476186
11914,11278.0,0.11904761904761896
11915,0.0,2.0
11916,11356.0,0.33333333333333315
11917,0.0,2.0
11918,0.0,2.0
11919,0.0,2.0
11920,0.0,2.0
11921,11462.0,0.8571428571428571
11922,0.0,2.0
11923,0.0,2.0
11924,0.0,2.0
11925,11396.0,0.5714285714285714
11926,11329.0,0.38095238095238093
11927,11342.0,0.3095238095238094
11928,0.0,2.0
11929,11338.0,1.0
11930,0.0,2.0
11931,11567.0,0.3571428571428571
11932,0.0,2.0
11933,0.0,2.0
11934,0.0,2.0
11935,11417.0,0.619047619047619
11936,11402.0,0.738095238095238
11937,11325.0,0.19047619047619035
11938,11164.0,0.07142857142857129
11939,0.0,2.0
11940,11467.0,0.8333333333333333
11941,0.0,2.0
11942,0.0,2.0
11943,11363.0,0.7857142857142857
11944,0.0,2.0
11945,0.0,2.0
11946,11400.0,1.0238095238095237
11947,11397.0,0.5476190476190477
11948,0.0,2.0
11949,0.0,2.0
11950,0.0,2.0
11951,0.0,2.0
11952,0.0,2.0
11953,0.0,2.0
11954,0.0,2.0
11955,11351.0,0.5714285714285714
11956,0.0,2.0
11957,0.0,2.0
11958,0.0,2.0
11959,11293.0,0.40476190476190466
11960,11372.0,0.4285714285714285
11962,0.0,2.0
11963,11495.0,1.4047619047619049
11964,11425.0,0.619047619047619
11965,0.0,2.0
11966,0.0,2.0
11967,11234.0,0.6904761904761905
11968,0.0,2.0
11969,0.0,2.0
11970,0.0,2.0
11971,0.0,2.0
11972,0.0,2.0
11973,11346.0,0.1428571428571428
11974,11419.0,0.47619047619047605
11975,0.0,2.0
11976,0.0,2.0
11977,0.0,2.0
11978,11383.0,0.16666666666666652
11979,11455.0,0.1428571428571428
11980,0.0,2.0
11981,11405.0,0.6428571428571428
11982,0.0,2.0
11983,0.0,2.0
11984,11378.0,0.38095238095238093
11985,11410.0,0.45238095238095233
11986,11427.0,0.04761904761904756
11987,0.0,2.0
11988,11501.0,0.45238095238095233
11989,11411.0,0.5714285714285714
11990,11480.0,0.04761904761904756
11991,11532.0,0.2857142857142856
11992,0.0,2.0
11993,11373.0,1.3333333333333335
11994,11477.0,0.04761904761904756
11995,11435.0,0.5714285714285714
11996,11380.0,0.7619047619047619
11997,11531.0,0.3095238095238094
11998,0.0,2.0
11999,11474.0,0.6666666666666665
12000,0.0,2.0
12001,0.0,2.0
12002,11389.0,0.26190476190476186
12003,11494.0,0.9047619047619048
12004,0.0,2.0
12005,11450.0,0.11904761904761896
12006,0.0,2.0
12007,0.0,2.0
12008,11554.0,0.6904761904761905
12009,0.0,2.0
12010,0.0,2.0
12011,11472.0,0.26190476190476186
12012,0.0,2.0
12013,11399.0,0.11904761904761896
12014,0.0,2.0
12015,11464.0,0.5714285714285714
12016,0.0,2.0
12017,11416.0,0.9761904761904762
12018,0.0,2.0
12019,0.0,2.0
12020,11398.0,0.1428571428571428
12021,0.0,2.0
12022,0.0,2.0
12023,0.0,2.0
12024,0.0,2.0
12025,0.0,2.0
12026,11509.0,0.19047619047619035
12027,0.0,2.0
12028,11426.0,0.26190476190476186
12029,0.0,2.0
12030,11510.0,0.6428571428571428
12031,11512.0,0.4285714285714285
12032,0.0,2.0
12033,0.0,2.0
12034,0.0,2.0
12035,0.0,2.0
12036,0.0,2.0
12037,11393.0,0.09523809523809523
12038,11617.0,0.19047619047619035
12039,11524.0,1.523809523809524
12040,11515.0,0.5238095238095237
12041,0.0,2.0
12042,11392.0,0.47619047619047605
12044,11413.0,0.16666666666666652
12045,0.0,2.0
12046,11360.0,0.19047619047619035
12047,11668.0,0.2142857142857142
12048,11526.0,0.04761904761904756
12049,11489.0,0.19047619047619035
12050,0.0,2.0
12051,11452.0,0.11904761904761896
12052,11546.0,0.45238095238095233
12053,0.0,2.0
12054,0.0,2.0
12055,11511.0,0.23809523809523792
12056,0.0,2.0
12057,0.0,2.0
12058,0.0,2.0
12059,0.0,2.0
12060,0.0,2.0
12061,11485.0,0.8333333333333333
12062,0.0,2.0
12063,11498.0,0.3095238095238094
12064,0.0,2.0
12065,11406.0,0.6666666666666665
12066,0.0,2.0
12067,0.0,2.0
12068,0.0,2.0
12069,11605.0,0.09523809523809523
12070,0.0,2.0
12071,0.0,2.0
12072,11593.0,0.9285714285714286
12073,0.0,2.0
12074,0.0,2.0
12075,11573.0,0.33333333333333315
12076,0.0,2.0
12077,11586.0,0.4285714285714285
12078,11680.0,0.3095238095238094
12079,0.0,2.0
12081,11561.0,0.19047619047619035
12082,11521.0,0.19047619047619035
12083,0.0,2.0
12084,11601.0,0.3571428571428571
12085,0.0,2.0
12086,0.0,2.0
12087,11527.0,0.09523809523809523
12088,0.0,2.0
12089,0.0,2.0
12090,11635.0,0.04761904761904756
12091,11581.0,0.16666666666666652
12092,11436.0,0.16666666666666652
12093,11592.0,0.3095238095238094
12094,0.0,2.0
12095,11429.0,0.40476190476190466
12096,0.0,2.0
12097,11555.0,0.3571428571428571
12098,11583.0,0.19047619047619035
12099,11606.0,0.6428571428571428
12100,11584.0,0.40476190476190466
12101,11594.0,0.23809523809523792
12102,11490.0,0.16666666666666652
12103,0.0,2.0
12104,11457.0,0.04761904761904756
12105,0.0,2.0
12106,0.0,2.0
12107,0.0,2.0
12108,11482.0,1.0952380952380953
12109,0.0,2.0
12111,11679.0,0.19047619047619035
12113,0.0,2.0
12114,11659.0,0.7619047619047619
12115,0.0,2.0
12116,11572.0,0.4999999999999999
12117,0.0,2.0
12118,11520.0,0.19047619047619035
12119,11652.0,0.07142857142857129
12120,0.0,2.0
12121,11577.0,0.11904761904761896
12122,11412.0,0.26190476190476186
12123,11560.0,0.2857142857142856
12125,0.0,2.0
12126,0.0,2.0
12127,0.0,2.0
12128,11607.0,0.45238095238095233
12129,0.0,2.0
12131,0.0,2.0
12132,11568.0,0.4999999999999999
12133,0.0,2.0
12134,11548.0,1.0714285714285714
12135,11516.0,0.8095238095238095
12136,0.0,2.0
12137,0.0,2.0
12138,11528.0,0.33333333333333315
12139,11529.0,0.7619047619047619
12140,11545.0,0.09523809523809523
12141,0.0,2.0
12142,0.0,2.0
12143,0.0,2.0
12144,11491.0,0.2857142857142856
12145,11795.0,0.33333333333333315
12146,11634.0,0.3571428571428571
12147,0.0,2.0
12148,0.0,2.0
12149,0.0,2.0
12150,11543.0,0.6666666666666665
12151,0.0,2.0
12152,0.0,2.0
12153,0.0,2.0
12154,0.0,2.0
12155,11772.0,0.19047619047619035
12156,11748.0,0.16666666666666652
12157,0.0,2.0
12158,11706.0,0.16666666666666652
12159,11552.0,1.0
12160,0.0,2.0
12161,0.0,2.0
12162,0.0,2.0
12163,0.0,2.0
12164,11578.0,0.3095238095238094
12165,11608.0,0.47619047619047605
12166,0.0,2.0
12167,0.0,2.0
12168,0.0,2.0
12169,11542.0,0.47619047619047605
12170,11690.0,0.33333333333333315
12171,11796.0,0.09523809523809523
12172,11534.0,0.38095238095238093
12173,0.0,2.0
12174,11641.0,0.6666666666666665
12175,0.0,2.0
12176,11590.0,0.26190476190476186
12177,0.0,2.0
12178,11618.0,0.5952380952380951
12179,11619.0,1.2380952380952381
12180,0.0,2.0
12181,0.0,2.0
12183,11661.0,0.738095238095238
12184,11624.0,0.11904761904761896
12185,0.0,2.0
12186,0.0,2.0
12187,11675.0,0.40476190476190466
12188,11722.0,0.4285714285714285
12189,0.0,2.0
12190,0.0,2.0
12191,11648.0,0.11904761904761896
12192,11778.0,0.4285714285714285
12193,0.0,2.0
12194,0.0,2.0
12195,0.0,2.0
12196,0.0,2.0
12197,0.0,2.0
12198,11519.0,0.5714285714285714
12199,0.0,2.0
12200,11614.0,0.6428571428571428
12201,11714.0,0.11904761904761896
12202,0.0,2.0
12203,11790.0,0.5476190476190477
12204,11682.0,0.6428571428571428
12205,11685.0,0.11904761904761896
12206,11688.0,0.40476190476190466
12207,0.0,2.0
12208,0.0,2.0
12209,0.0,2.0
12210,11762.0,0.11904761904761896
12211,0.0,2.0
12212,11728.0,0.7857142857142857
12213,11671.0,1.3571428571428572
12214,11611.0,0.07142857142857129
12215,11758.0,0.2857142857142856
12216,0.0,2.0
12217,0.0,2.0
12218,11672.0,1.1904761904761905
12219,11565.0,0.09523809523809523
12220,11773.0,0.07142857142857129
12222,11609.0,0.4285714285714285
12223,0.0,2.0
12224,0.0,2.0
12226,11637.0,0.40476190476190466
12227,11723.0,0.3095238095238094
12228,0.0,2.0
12229,11768.0,0.5476190476190477
12230,11642.0,0.8809523809523809
12231,0.0,2.0
12232,11691.0,0.2857142857142856
12233,0.0,2.0
12234,0.0,2.0
12235,0.0,2.0
12236,0.0,2.0
12237,0.0,2.0
12238,0.0,2.0
12239,0.0,2.0
12240,0.0,2.0
12241,0.0,2.0
12242,0.0,2.0
12243,11651.0,0.09523809523809523
12244,11871.0,0.23809523809523792
12245,0.0,2.0
12246,11732.0,0.2857142857142856
12247,11779.0,0.738095238095238
12248,11755.0,0.9523809523809523
12249,0.0,2.0
12250,11602.0,0.23809523809523792
12251,11551.0,0.4285714285714285
12252,0.0,2.0
12253,11803.0,0.7619047619047619
12254,11632.0,0.6904761904761905
12255,0.0,2.0
12256,0.0,2.0
12257,0.0,2.0
12258,11740.0,1.0952380952380953
12259,0.0,2.0
12261,0.0,2.0
12262,11564.0,0.07142857142857129
12263,11800.0,0.16666666666666652
12264,0.0,2.0
12265,11729.0,0.4999999999999999
12266,11734.0,0.23809523809523792
12267,11735.0,0.16666666666666652
12268,0.0,2.0
12269,11530.0,0.5476190476190477
12270,0.0,2.0
12271,0.0,2.0
12272,0.0,2.0
12273,11805.0,0.4999999999999999
12274,0.0,2.0
12275,11746.0,0.23809523809523792
12276,11626.0,1.1904761904761905
12277,11809.0,1.0476190476190477
12278,11798.0,0.738095238095238
12279,11753.0,0.16666666666666652
12280,0.0,2.0
12281,11663.0,0.2857142857142856
12282,0.0,2.0
12283,0.0,2.0
12284,11780.0,0.9285714285714286
12285,11741.0,0.7857142857142857
12286,0.0,2.0
12287,0.0,2.0
12288,11888.0,0.8809523809523809
12289,11868.0,0.4999999999999999
12290,0.0,2.0
12291,0.0,2.0
12292,11791.0,0.9047619047619048
12293,11743.0,1.0238095238095237
12294,11792.0,0.26190476190476186
12295,0.0,2.0
12296,0.0,2.0
12297,11665.0,1.0476190476190477
12298,11749.0,0.16666666666666652
12299,0.0,2.0
12300,11802.0,0.5238095238095237
12301,11808.0,0.40476190476190466
12302,0.0,2.0
12303,11724.0,0.9523809523809523
12304,11650.0,0.19047619047619035
12305,0.0,2.0
12306,0.0,2.0
12307,11897.0,0.7619047619047619
12308,0.0,2.0
12309,0.0,2.0
12310,0.0,2.0
12312,0.0,2.0
12313,0.0,2.0
12314,0.0,2.0
12315,11716.0,0.7142857142857142
12316,0.0,2.0
12317,11829.0,0.9047619047619048
12318,0.0,2.0
12319,0.0,2.0
12320,11824.0,0.9761904761904762
12321,0.0,2.0
12322,0.0,2.0
12323,11783.0,0.8333333333333333
12324,0.0,2.0
12325,11643.0,0.3571428571428571
12326,11901.0,0.11904761904761896
12328,0.0,2.0
12329,0.0,2.0
12330,11838.0,0.0
12331,11939.0,0.4285714285714285
12332,11875.0,0.8571428571428571
12333,0.0,2.0
12334,0.0,2.0
12335,0.0,2.0
12336,11863.0,0.5714285714285714
12337,11765.0,0.9047619047619048
12338,11787.0,0.8333333333333333
12339,11788.0,0.2857142857142856
12340,0.0,2.0
12341,11980.0,0.5476190476190477
12342,11856.0,0.3095238095238094
12343,0.0,2.0
12344,0.0,2.0
12345,0.0,2.0
12346,11833.0,0.9761904761904762
12347,0.0,2.0
12348,0.0,2.0
12349,0.0,2.0
12350,0.0,2.0
12351,11879.0,0.5476190476190477
12352,11881.0,0.0
12353,0.0,2.0
12354,11814.0,0.7142857142857142
12355,11704.0,0.47619047619047605
12356,0.0,2.0
12357,11794.0,0.11904761904761896
12358,0.0,2.0
12359,11812.0,0.11904761904761896
12360,11932.0,0.19047619047619035
12361,0.0,2.0
12362,0.0,2.0
12363,11925.0,0.9523809523809523
12364,11882.0,0.09523809523809523
12365,0.0,2.0
12366,11827.0,0.6666666666666665
12367,11822.0,0.09523809523809523
12368,12006.0,0.4285714285714285
12369,0.0,2.0
12370,0.0,2.0
12371,11817.0,1.0952380952380953
12372,11860.0,0.09523809523809523
12373,0.0,2.0
12375,0.0,2.0
12376,0.0,2.0
12377,11848.0,0.4999999999999999
12378,0.0,2.0
12379,0.0,2.0
12380,11776.0,0.16666666666666652
12381,0.0,2.0
12382,11936.0,0.8571428571428571
12383,11870.0,1.0
12384,0.0,2.0
12385,0.0,2.0
12386,0.0,2.0
12387,0.0,2.0
12388,11869.0,0.3095238095238094
12389,0.0,2.0
12390,0.0,2.0
12391,0.0,2.0
12392,11807.0,1.0238095238095237
12393,0.0,2.0
12394,12016.0,0.9523809523809523
12395,0.0,2.0
12396,11874.0,0.7619047619047619
12397,0.0,2.0
12398,0.0,2.0
12399,0.0,2.0
12400,11878.0,0.40476190476190466
12401,11712.0,0.619047619047619
12402,11938.0,0.2142857142857142
12403,0.0,2.0
12404,0.0,2.0
12405,0.0,2.0
12406,0.0,2.0
12407,0.0,2.0
12408,11892.0,0.7142857142857142
12409,0.0,2.0
12410,11934.0,1.0714285714285714
12411,0.0,2.0
12412,0.0,2.0
12413,0.0,2.0
12414,0.0,2.0
12415,11857.0,1.0476190476190477
12416,11893.0,0.4999999999999999
12417,11876.0,0.9285714285714286
12418,0.0,2.0
12419,0.0,2.0
12420,0.0,2.0
12421,0.0,2.0
12422,12050.0,0.6904761904761905
12423,11965.0,0.38095238095238093
12424,0.0,2.0
12425,11923.0,0.4999999999999999
12426,11914.0,1.8095238095238098
12427,0.0,2.0
12428,0.0,2.0
12429,0.0,2.0
12430,0.0,2.0
12431,11909.0,0.6904761904761905
12432,11884.0,1.0476190476190477
12433,0.0,2.0
12434,0.0,2.0
12435,11989.0,0.5476190476190477
12436,0.0,2.0
12437,0.0,2.0
12438,0.0,2.0
12439,0.0,2.0
12440,0.0,2.0
12441,0.0,2.0
12442,0.0,2.0
12443,0.0,2.0
12444,11954.0,0.4285714285714285
12445,0.0,2.0
12446,0.0,2.0
12447,0.0,2.0
12448,11894.0,0.45238095238095233
12449,0.0,2.0
12450,0.0,2.0
12451,11867.0,0.5476190476190477
12452,11835.0,1.0952380952380953
12453,12017.0,0.38095238095238093
12454,11953.0,0.19047619047619035
12455,0.0,2.0
12456,12086.0,0.619047619047619
12457,0.0,2.0
12458,12007.0,0.38095238095238093
12459,0.0,2.0
12460,0.0,2.0
12461,0.0,2.0
12462,0.0,2.0
12463,0.0,2.0
12464,0.0,2.0
12465,0.0,2.0
12466,0.0,2.0
12467,11840.0,0.4285714285714285
12469,11853.0,1.3571428571428572
12470,11985.0,0.19047619047619035
12472,0.0,2.0
12473,12022.0,0.5714285714285714
12474,12063.0,0.45238095238095233
12475,11910.0,0.6666666666666665
12476,11928.0,0.40476190476190466
12477,0.0,2.0
12478,0.0,2.0
12479,11823.0,0.3095238095238094
12480,0.0,2.0
12481,12051.0,1.619047619047619
12482,0.0,2.0
12483,11947.0,0.8095238095238095
12484,0.0,2.0
12485,0.0,2.0
12486,11906.0,0.6666666666666665
12487,0.0,2.0
12488,0.0,2.0
12489,12055.0,0.5238095238095237
12490,0.0,2.0
12491,12040.0,0.619047619047619
12492,0.0,2.0
12493,0.0,2.0
12494,12031.0,0.2857142857142856
12495,12058.0,0.7619047619047619
12496,0.0,2.0
12497,0.0,2.0
12498,0.0,2.0
12499,0.0,2.0
12500,0.0,2.0
12501,11943.0,0.23809523809523792
12502,0.0,2.0
12503,11940.0,0.5714285714285714
12504,11852.0,0.1428571428571428
12505,0.0,2.0
12506,11995.0,0.45238095238095233
12507,0.0,2.0
12508,12044.0,0.47619047619047605
12509,0.0,2.0
12510,11811.0,0.45238095238095233
12511,12142.0,0.45238095238095233
12512,0.0,2.0
12513,0.0,2.0
12514,12059.0,0.9523809523809523
12515,0.0,2.0
12516,0.0,2.0
12517,12045.0,0.3571428571428571
12518,0.0,2.0
12519,11982.0,1.0
12520,0.0,2.0
12521,11975.0,0.38095238095238093
12522,0.0,2.0
12523,0.0,2.0
12524,0.0,2.0
12525,0.0,2.0
12526,0.0,2.0
12527,0.0,2.0
12528,12043.0,0.1428571428571428
12529,12033.0,0.47619047619047605
12530,0.0,2.0
12531,11921.0,0.8571428571428571
12532,12170.0,0.1428571428571428
12533,0.0,2.0
12534,12124.0,0.6904761904761905
12535,12028.0,1.0238095238095237
12536,0.0,2.0
12537,11917.0,0.5238095238095237
12538,0.0,2.0
12539,0.0,2.0
12540,0.0,2.0
12541,0.0,2.0
12543,11976.0,0.45238095238095233
12544,0.0,2.0
12545,11918.0,0.3095238095238094
12546,12099.0,0.3095238095238094
12547,12161.0,1.0238095238095237
12548,12013.0,0.7142857142857142
12549,0.0,2.0
12550,0.0,2.0
12551,0.0,2.0
12552,12036.0,0.2142857142857142
12553,0.0,2.0
12554,11930.0,0.6666666666666665
12555,0.0,2.0
12556,0.0,2.0
12557,0.0,2.0
12558,12057.0,0.8571428571428571
12559,0.0,2.0
12560,0.0,2.0
12561,0.0,2.0
12562,12150.0,0.2857142857142856
12563,12069.0,1.4523809523809523
12564,12093.0,0.5238095238095237
12565,0.0,2.0
12566,0.0,2.0
12567,0.0,2.0
12568,0.0,2.0
12569,12066.0,1.3333333333333335
12570,11952.0,0.09523809523809523
12571,11920.0,0.3571428571428571
12573,12064.0,1.5476190476190477
12574,0.0,2.0
12575,0.0,2.0
12576,11977.0,1.380952380952381
12577,11899.0,0.8809523809523809
12578,11968.0,0.2857142857142856
12579,0.0,2.0
12580,12047.0,1.2142857142857144
12581,0.0,2.0
12582,0.0,2.0
12583,12075.0,0.16666666666666652
12584,11987.0,0.4999999999999999
12585,12191.0,0.3095238095238094
12586,12110.0,0.5476190476190477
12587,0.0,2.0
12588,0.0,2.0
12589,12151.0,0.04761904761904756
12590,12129.0,1.0
12591,0.0,2.0
12592,11949.0,0.26190476190476186
12593,12077.0,0.04761904761904756
12594,0.0,2.0
12595,0.0,2.0
12596,12004.0,1.7857142857142858
12597,0.0,2.0
12598,0.0,2.0
12599,0.0,2.0
12600,12146.0,0.2857142857142856
12601,0.0,2.0
12602,0.0,2.0
12603,11950.0,0.16666666666666652
12604,0.0,2.0
12605,12076.0,0.5476190476190477
12606,0.0,2.0
12607,0.0,2.0
12608,0.0,2.0
12609,0.0,2.0
12610,0.0,2.0
12611,0.0,2.0
12612,0.0,2.0
12613,0.0,2.0
12614,12071.0,0.7142857142857142
12615,12107.0,0.5238095238095237
12616,12171.0,0.3571428571428571
12617,0.0,2.0
12618,0.0,2.0
12619,12038.0,0.738095238095238
12620,0.0,2.0
12621,0.0,2.0
12622,0.0,2.0
12623,12127.0,0.9761904761904762
12624,12104.0,0.19047619047619035
12625,0.0,2.0
12626,0.0,2.0
12627,12204.0,0.5952380952380951
12628,12222.0,0.4285714285714285
12629,0.0,2.0
12630,0.0,2.0
12631,0.0,2.0
12632,12135.0,1.1666666666666667
12633,0.0,2.0
12634,0.0,2.0
12635,0.0,2.0
12636,12122.0,0.9047619047619048
12637,0.0,2.0
12638,12125.0,0.26190476190476186
12639,12083.0,0.6904761904761905
12640,0.0,2.0
12641,0.0,2.0
12642,12244.0,0.6904761904761905
12643,12192.0,1.0238095238095237
12644,0.0,2.0
12645,12172.0,0.40476190476190466
12646,0.0,2.0
12647,12080.0,0.38095238095238093
12648,12282.0,0.2857142857142856
12649,12153.0,0.738095238095238
12650,12126.0,0.2857142857142856
12651,0.0,2.0
12652,12061.0,0.3571428571428571
12653,0.0,2.0
12654,0.0,2.0
12655,0.0,2.0
12656,12084.0,0.6428571428571428
12657,12092.0,0.07142857142857129
12659,12247.0,0.23809523809523792
12660,0.0,2.0
12661,0.0,2.0
12662,0.0,2.0
12663,0.0,2.0
12664,0.0,2.0
12665,12144.0,1.619047619047619
12666,0.0,2.0
12667,0.0,2.0
12668,12147.0,0.19047619047619035
12670,12152.0,0.3095238095238094
12671,0.0,2.0
12672,12202.0,1.2142857142857144
12673,0.0,2.0
12674,0.0,2.0
12675,0.0,2.0
12676,0.0,2.0
12677,12060.0,0.619047619047619
12678,12278.0,0.6666666666666665
12679,0.0,2.0
12680,0.0,2.0
12681,12235.0,0.7857142857142857
12682,12188.0,0.9761904761904762
12683,0.0,2.0
12684,0.0,2.0
12686,0.0,2.0
12687,0.0,2.0
12688,0.0,2.0
12689,0.0,2.0
12690,12259.0,0.6904761904761905
12691,12197.0,0.45238095238095233
12692,0.0,2.0
12693,12227.0,0.7142857142857142
12694,12114.0,0.5476190476190477
12695,0.0,2.0
12697,12338.0,0.5714285714285714
12698,12196.0,0.33333333333333315
12699,12265.0,1.0952380952380953
12700,12281.0,0.4285714285714285
12701,0.0,2.0
12702,0.0,2.0
12703,12148.0,0.8809523809523809
12704,12199.0,0.7857142857142857
12705,12030.0,0.619047619047619
12706,0.0,2.0
12707,0.0,2.0
12708,0.0,2.0
12709,0.0,2.0
12710,0.0,2.0
12711,12258.0,0.19047619047619035
12712,12220.0,0.16666666666666652
12713,12137.0,0.5476190476190477
12714,12073.0,1.119047619047619
12715,12253.0,0.4999999999999999
12716,12136.0,0.3571428571428571
12717,12133.0,0.07142857142857129
12718,12118.0,0.8809523809523809
12719,12157.0,0.5714285714285714
12720,0.0,2.0
12721,0.0,2.0
12722,0.0,2.0
12723,12208.0,0.7142857142857142
12725,0.0,2.0
12726,0.0,2.0
12727,0.0,2.0
12728,0.0,2.0
12729,0.0,2.0
12730,0.0,2.0
12731,12167.0,0.26190476190476186
12732,12120.0,0.8571428571428571
12733,0.0,2.0
12734,12230.0,1.4285714285714286
12735,0.0,2.0
12736,12290.0,0.4999999999999999
12737,0.0,2.0
12738,12215.0,0.11904761904761896
12739,12285.0,0.6666666666666665
12740,12260.0,0.5714285714285714
12741,0.0,2.0
12742,12140.0,0.19047619047619035
12743,12169.0,0.1428571428571428
12744,0.0,2.0
12745,12246.0,1.3333333333333335
12746,12261.0,0.9523809523809523
12747,12159.0,0.8571428571428571
12748,0.0,2.0
12749,0.0,2.0
12750,12245.0,0.5952380952380951
12751,0.0,2.0
12752,0.0,2.0
12753,0.0,2.0
12754,12238.0,0.3571428571428571
12755,0.0,2.0
12756,0.0,2.0
12757,0.0,2.0
12758,12174.0,0.5476190476190477
12759,12308.0,0.619047619047619
12760,12177.0,0.7619047619047619
12761,0.0,2.0
12762,0.0,2.0
12763,0.0,2.0
12764,12223.0,0.7857142857142857
12765,12296.0,0.3095238095238094
12766,12254.0,1.2142857142857144
12767,0.0,2.0
12768,0.0,2.0
12769,12242.0,0.1428571428571428
12770,0.0,2.0
12771,12313.0,0.738095238095238
12772,0.0,2.0
12773,0.0,2.0
12774,12180.0,0.4999999999999999
12775,12089.0,0.5952380952380951
12776,0.0,2.0
12777,12305.0,0.26190476190476186
12778,12341.0,0.6904761904761905
12779,0.0,2.0
12780,12326.0,0.738095238095238
12781,0.0,2.0
12782,0.0,2.0
12783,0.0,2.0
12784,12203.0,0.2142857142857142
12786,0.0,2.0
12787,12381.0,0.33333333333333315
12788,12272.0,0.738095238095238
12789,0.0,2.0
12790,12328.0,0.23809523809523792
12791,12303.0,0.5714285714285714
12792,12240.0,0.619047619047619
12793,0.0,2.0
12794,0.0,2.0
12795,12181.0,0.38095238095238093
12796,0.0,2.0
12797,12383.0,0.6666666666666665
12798,12176.0,0.7619047619047619
12799,12275.0,0.3571428571428571
12800,0.0,2.0
12801,0.0,2.0
12802,12214.0,0.7857142857142857
12803,0.0,2.0
12804,12418.0,0.9523809523809523
12805,0.0,2.0
12806,0.0,2.0
12807,0.0,2.0
12808,0.0,2.0
12809,12330.0,0.619047619047619
12810,12361.0,1.5476190476190477
12811,0.0,2.0
12812,12226.0,0.2857142857142856
12813,0.0,2.0
12814,0.0,2.0
12815,0.0,2.0
12816,0.0,2.0
12817,0.0,2.0
12818,12307.0,0.40476190476190466
12819,12233.0,0.19047619047619035
12821,12346.0,0.8095238095238095
12822,0.0,2.0
12823,0.0,2.0
12824,0.0,2.0
12825,0.0,2.0
12826,12350.0,1.380952380952381
12827,0.0,2.0
12828,12441.0,0.38095238095238093
12829,12269.0,0.40476190476190466
12830,0.0,2.0
12831,0.0,2.0
12832,12366.0,0.6666666666666665
12833,0.0,2.0
12834,12356.0,0.3095238095238094
12835,12349.0,0.26190476190476186
12836,12375.0,0.6666666666666665
12837,0.0,2.0
12838,12232.0,0.1428571428571428
12839,0.0,2.0
12840,12321.0,0.26190476190476186
12841,0.0,2.0
12842,0.0,2.0
12843,0.0,2.0
12844,0.0,2.0
12845,0.0,2.0
12846,12257.0,0.38095238095238093
12847,0.0,2.0
12848,12396.0,0.6904761904761905
12849,12387.0,0.5714285714285714
12850,12345.0,0.619047619047619
12851,0.0,2.0
12852,0.0,2.0
12853,12200.0,0.6904761904761905
12854,0.0,2.0
12855,12365.0,0.16666666666666652
12856,0.0,2.0
12857,0.0,2.0
12858,0.0,2.0
12859,0.0,2.0
12860,12331.0,0.2857142857142856
12861,12389.0,1.0952380952380953
12862,0.0,2.0
12863,0.0,2.0
12864,12442.0,0.6428571428571428
12865,12385.0,0.07142857142857129
12866,12317.0,0.5238095238095237
12867,12297.0,0.16666666666666652
12868,12292.0,0.40476190476190466
12869,0.0,2.0
12870,12335.0,0.3571428571428571
12871,0.0,2.0
12872,12319.0,0.5476190476190477
12873,12452.0,0.6904761904761905
12874,0.0,2.0
12875,12351.0,0.16666666666666652
12876,12416.0,0.5238095238095237
12877,0.0,2.0
12878,12379.0,0.5238095238095237
12879,0.0,2.0
12880,12251.0,1.4761904761904763
12881,12479.0,0.45238095238095233
12882,0.0,2.0
12883,0.0,2.0
12884,0.0,2.0
12885,0.0,2.0
12886,0.0,2.0
12887,0.0,2.0
12888,0.0,2.0
12889,0.0,2.0
12890,0.0,2.0
12891,12318.0,0.6666666666666665
12894,0.0,2.0
12895,12354.0,0.2857142857142856
12896,12306.0,0.2857142857142856
12897,0.0,2.0
12898,0.0,2.0
12899,0.0,2.0
12900,0.0,2.0
12901,0.0,2.0
12902,12487.0,0.1428571428571428
12903,12412.0,1.2619047619047619
12904,0.0,2.0
12905,12343.0,0.16666666666666652
12906,12339.0,0.33333333333333315
12907,0.0,2.0
12908,12352.0,1.4285714285714286
12909,0.0,2.0
12910,0.0,2.0
12911,0.0,2.0
12912,12467.0,1.7380952380952381
12913,0.0,2.0
12914,0.0,2.0
12915,0.0,2.0
12916,12423.0,0.3095238095238094
12917,0.0,2.0
12918,0.0,2.0
12919,12334.0,0.3095238095238094
12920,12510.0,0.47619047619047605
12921,0.0,2.0
12922,0.0,2.0
12923,12374.0,0.3571428571428571
12924,0.0,2.0
12925,12475.0,0.7142857142857142
12926,0.0,2.0
12927,12457.0,0.11904761904761896
12928,0.0,2.0
12930,12455.0,0.11904761904761896
12931,12481.0,0.47619047619047605
12932,12373.0,1.2380952380952381
12933,0.0,2.0
12934,0.0,2.0
12935,0.0,2.0
12936,12419.0,1.2142857142857144
12937,0.0,2.0
12938,12371.0,0.8095238095238095
12939,12405.0,0.38095238095238093
12940,12469.0,1.0476190476190477
12941,12489.0,0.40476190476190466
12942,12504.0,0.47619047619047605
12943,12390.0,0.26190476190476186
12944,12391.0,0.07142857142857129
12945,12514.0,0.40476190476190466
12946,0.0,2.0
12947,12409.0,0.47619047619047605
12948,12364.0,0.11904761904761896
12949,0.0,2.0
12950,0.0,2.0
12951,12478.0,0.11904761904761896
12952,12534.0,0.45238095238095233
12953,0.0,2.0
12954,0.0,2.0
12955,12472.0,0.6904761904761905
12957,0.0,2.0
12958,0.0,2.0
12959,12581.0,0.7142857142857142
12960,0.0,2.0
12961,12429.0,0.4999999999999999
12962,0.0,2.0
12963,0.0,2.0
12964,0.0,2.0
12965,12447.0,1.0952380952380953
12966,0.0,2.0
12967,0.0,2.0
12968,0.0,2.0
12970,0.0,2.0
12971,0.0,2.0
12972,12480.0,0.33333333333333315
12973,0.0,2.0
12974,0.0,2.0
12975,12432.0,0.5476190476190477
12976,0.0,2.0
12977,12476.0,1.1428571428571428
12978,0.0,2.0
12979,0.0,2.0
12980,12406.0,0.7857142857142857
12981,0.0,2.0
12982,0.0,2.0
12983,12509.0,0.23809523809523792
12984,0.0,2.0
12985,0.0,2.0
12986,0.0,2.0
12988,0.0,2.0
12989,12528.0,1.4523809523809523
12990,12397.0,0.07142857142857129
12991,12439.0,0.45238095238095233
12992,12521.0,1.0714285714285714
12993,12462.0,0.38095238095238093
12994,12491.0,0.6904761904761905
12995,12506.0,1.4047619047619049
12996,0.0,2.0
12997,12564.0,0.2142857142857142
12998,0.0,2.0
12999,0.0,2.0
13000,0.0,2.0
13001,12497.0,0.19047619047619035
13002,12398.0,0.1428571428571428
13003,0.0,2.0
13004,0.0,2.0
13005,0.0,2.0
13006,12420.0,0.47619047619047605
13007,0.0,2.0
13008,0.0,2.0
13009,0.0,2.0
13010,0.0,2.0
13011,0.0,2.0
13012,12635.0,0.738095238095238
13013,0.0,2.0
13014,0.0,2.0
13015,0.0,2.0
13016,12394.0,0.40476190476190466
13017,12592.0,0.738095238095238
13018,12546.0,0.23809523809523792
13019,0.0,2.0
13020,0.0,2.0
13021,0.0,2.0
13022,0.0,2.0
13023,12415.0,0.38095238095238093
13024,0.0,2.0
13025,12566.0,0.7619047619047619
13026,12454.0,0.6666666666666665
13027,12578.0,0.1428571428571428
13028,12583.0,0.33333333333333315
13029,12538.0,0.2142857142857142
13030,12426.0,0.619047619047619
13031,0.0,2.0
13032,0.0,2.0
13033,0.0,2.0
13034,0.0,2.0
13035,0.0,2.0
13036,12477.0,1.2857142857142858
13037,12465.0,1.4047619047619049
13038,0.0,2.0
13039,0.0,2.0
13040,0.0,2.0
13041,12547.0,0.6904761904761905
13042,12459.0,0.4285714285714285
13043,0.0,2.0
13044,0.0,2.0
13045,12482.0,0.2857142857142856
13046,12494.0,0.5952380952380951
13047,0.0,2.0
13048,12582.0,0.3571428571428571
13049,0.0,2.0
13050,0.0,2.0
13051,0.0,2.0
13052,0.0,2.0
13053,12568.0,0.1428571428571428
13054,0.0,2.0
13055,0.0,2.0
13056,12617.0,0.23809523809523792
13057,0.0,2.0
13058,0.0,2.0
13059,0.0,2.0
13060,12460.0,0.5238095238095237
13062,12553.0,1.3095238095238095
13063,0.0,2.0
13064,0.0,2.0
13065,0.0,2.0
13066,12536.0,0.2142857142857142
13067,12511.0,0.7142857142857142
13068,0.0,2.0
13069,0.0,2.0
13070,12544.0,0.5238095238095237
13071,12524.0,0.5238095238095237
13072,0.0,2.0
13073,12569.0,0.33333333333333315
13074,12577.0,0.40476190476190466
13075,12555.0,0.2142857142857142
13076,0.0,2.0
13077,0.0,2.0
13078,0.0,2.0
13079,0.0,2.0
13080,12554.0,0.5238095238095237
13081,12468.0,0.5952380952380951
13082,0.0,2.0
13083,12500.0,0.23809523809523792
13084,12710.0,0.8333333333333333
13085,0.0,2.0
13086,12636.0,0.9047619047619048
13087,12612.0,0.8809523809523809
13088,12563.0,0.38095238095238093
13089,0.0,2.0
13090,0.0,2.0
13091,0.0,2.0
13092,12696.0,0.5476190476190477
13093,12677.0,0.6428571428571428
13094,0.0,2.0
13095,12594.0,0.8095238095238095
13096,0.0,2.0
13097,0.0,2.0
13098,0.0,2.0
13099,0.0,2.0
13100,0.0,2.0
13101,0.0,2.0
13102,0.0,2.0
13103,0.0,2.0
13104,0.0,2.0
13105,0.0,2.0
13106,12631.0,0.04761904761904756
13107,12507.0,0.7857142857142857
13108,0.0,2.0
13109,0.0,2.0
13110,0.0,2.0
13111,0.0,2.0
13112,12604.0,0.7619047619047619
13113,12668.0,0.6666666666666665
13114,0.0,2.0
13115,12526.0,0.23809523809523792
13116,0.0,2.0
13117,12678.0,0.2857142857142856
13118,0.0,2.0
13119,0.0,2.0
13120,0.0,2.0
13121,0.0,2.0
13122,12576.0,0.7619047619047619
13123,0.0,2.0
13124,0.0,2.0
13125,0.0,2.0
13126,0.0,2.0
13127,0.0,2.0
13128,12529.0,0.33333333333333315
13130,0.0,2.0
13131,0.0,2.0
13132,0.0,2.0
13133,0.0,2.0
13134,0.0,2.0
13135,12614.0,0.8095238095238095
13136,0.0,2.0
13137,0.0,2.0
13138,12531.0,0.45238095238095233
13139,0.0,2.0
13140,0.0,2.0
13141,0.0,2.0
13142,12686.0,0.619047619047619
13143,0.0,2.0
13145,12515.0,0.45238095238095233
13146,12692.0,1.3571428571428572
13147,0.0,2.0
13148,0.0,2.0
13149,12672.0,0.40476190476190466
13150,0.0,2.0
13151,12627.0,0.19047619047619035
13152,0.0,2.0
13153,0.0,2.0
13154,12638.0,0.33333333333333315
13155,0.0,2.0
13156,12640.0,0.47619047619047605
13157,0.0,2.0
13158,0.0,2.0
13159,12603.0,1.9285714285714288
13160,12788.0,0.4285714285714285
13161,12630.0,1.0238095238095237
13162,0.0,2.0
13163,12676.0,0.3571428571428571
13164,12626.0,0.19047619047619035
13165,0.0,2.0
13166,12571.0,0.47619047619047605
13167,0.0,2.0
13168,0.0,2.0
13169,12639.0,0.40476190476190466
13170,0.0,2.0
13171,0.0,2.0
13172,0.0,2.0
13173,12590.0,0.7142857142857142
13174,0.0,2.0
13175,0.0,2.0
13176,0.0,2.0
13177,0.0,2.0
13178,0.0,2.0
13179,0.0,2.0
13180,0.0,2.0
13181,0.0,2.0
13183,12646.0,0.3571428571428571
13184,0.0,2.0
13185,12702.0,1.380952380952381
13186,12645.0,0.5714285714285714
13187,12651.0,1.1666666666666667
13188,0.0,2.0
13189,12690.0,0.6904761904761905
13191,12597.0,0.7857142857142857
13192,12756.0,0.2857142857142856
13193,12679.0,0.7857142857142857
13194,0.0,2.0
13195,0.0,2.0
13196,12705.0,0.47619047619047605
13197,0.0,2.0
13198,0.0,2.0
13199,0.0,2.0
13200,0.0,2.0
13201,12796.0,0.8571428571428571
13202,0.0,2.0
13203,12754.0,1.4047619047619049
13204,12749.0,0.16666666666666652
13205,0.0,2.0
13206,0.0,2.0
13207,0.0,2.0
13208,12753.0,1.119047619047619
13209,12707.0,0.7857142857142857
13210,0.0,2.0
13211,0.0,2.0
13212,0.0,2.0
13214,12720.0,1.2142857142857144
13215,12795.0,0.23809523809523792
13216,0.0,2.0
13217,0.0,2.0
13218,0.0,2.0
13219,12743.0,0.4999999999999999
13220,0.0,2.0
13221,0.0,2.0
13222,0.0,2.0
13223,0.0,2.0
13224,12742.0,0.3571428571428571
13225,0.0,2.0
13226,12681.0,0.5238095238095237
13227,12623.0,0.07142857142857129
13228,0.0,2.0
13229,0.0,2.0
13230,0.0,2.0
13231,12770.0,0.07142857142857129
13232,12726.0,1.0476190476190477
13233,12718.0,0.6428571428571428
13234,0.0,2.0
13235,12706.0,0.5238095238095237
13236,0.0,2.0
13238,12800.0,0.19047619047619035
13239,0.0,2.0
13240,0.0,2.0
13241,12683.0,0.5714285714285714
13242,12767.0,0.4999999999999999
13243,12666.0,0.09523809523809523
13244,0.0,2.0
13245,12628.0,0.4285714285714285
13246,12786.0,0.4285714285714285
13247,12776.0,0.1428571428571428
13249,0.0,2.0
13250,0.0,2.0
13251,12669.0,0.6666666666666665
13252,0.0,2.0
13253,12797.0,1.0476190476190477
13254,12711.0,1.1666666666666667
13255,12688.0,0.5714285714285714
13256,12724.0,0.3095238095238094
13257,12772.0,0.6904761904761905
13258,0.0,2.0
13259,0.0,2.0
13260,0.0,2.0
13261,0.0,2.0
13262,0.0,2.0
13263,0.0,2.0
13264,12757.0,0.9523809523809523
13265,12731.0,0.38095238095238093
13266,12625.0,0.5714285714285714
13267,0.0,2.0
13268,0.0,2.0
13269,0.0,2.0
13270,0.0,2.0
13271,12763.0,0.9761904761904762
13272,12684.0,0.5714285714285714
13273,12739.0,0.07142857142857129
13274,0.0,2.0
13275,12803.0,0.9761904761904762
13276,12714.0,0.5238095238095237
13277,12762.0,0.47619047619047605
13278,12773.0,0.7857142857142857
13279,0.0,2.0
13280,12766.0,0.23809523809523792
13281,0.0,2.0
13282,0.0,2.0
13283,12648.0,0.4999999999999999
13284,12839.0,0.619047619047619
13285,0.0,2.0
13286,0.0,2.0
13287,0.0,2.0
13288,0.0,2.0
13289,0.0,2.0
13290,0.0,2.0
13291,0.0,2.0
13292,0.0,2.0
13293,0.0,2.0
13294,0.0,2.0
13295,12732.0,0.26190476190476186
13296,12768.0,0.26190476190476186
13297,0.0,2.0
13298,0.0,2.0
13300,12758.0,0.3571428571428571
13301,0.0,2.0
13302,0.0,2.0
13303,0.0,2.0
13304,12872.0,0.04761904761904756
13305,0.0,2.0
13306,0.0,2.0
13307,0.0,2.0
13308,12719.0,0.11904761904761896
13309,12725.0,0.6666666666666665
13310,12834.0,0.7619047619047619
13311,0.0,2.0
13312,12844.0,0.4285714285714285
13313,0.0,2.0
13314,12748.0,0.4285714285714285
13315,12899.0,0.2857142857142856
13316,0.0,2.0
13317,0.0,2.0
13318,12695.0,0.3095238095238094
13319,12824.0,0.9761904761904762
13320,12886.0,0.45238095238095233
13321,0.0,2.0
13322,12760.0,0.5714285714285714
13323,12747.0,0.023809523809523725
13324,0.0,2.0
13325,12759.0,0.3571428571428571
13326,12810.0,0.8571428571428571
13327,0.0,2.0
13328,0.0,2.0
13330,0.0,2.0
13331,12700.0,0.7619047619047619
13332,0.0,2.0
13333,0.0,2.0
13334,12790.0,0.4285714285714285
13335,0.0,2.0
13336,0.0,2.0
13337,0.0,2.0
13338,0.0,2.0
13339,0.0,2.0
13340,0.0,2.0
13341,0.0,2.0
13342,0.0,2.0
13345,12801.0,0.16666666666666652
13346,12887.0,1.2619047619047619
13347,12827.0,0.38095238095238093
13348,0.0,2.0
13349,0.0,2.0
13350,0.0,2.0
13351,0.0,2.0
13352,0.0,2.0
13353,12862.0,0.19047619047619035
13354,0.0,2.0
13355,0.0,2.0
13356,0.0,2.0
13357,0.0,2.0
13358,12931.0,0.6904761904761905
13359,0.0,2.0
13360,12750.0,0.1428571428571428
13361,0.0,2.0
13362,12848.0,0.2857142857142856
13363,0.0,2.0
13364,0.0,2.0
13365,0.0,2.0
13366,0.0,2.0
13367,0.0,2.0
13368,0.0,2.0
13369,12893.0,0.40476190476190466
13370,12828.0,0.11904761904761896
13371,0.0,2.0
13372,12752.0,0.8571428571428571
13373,12937.0,1.0
13374,0.0,2.0
13375,12922.0,1.0476190476190477
13376,12822.0,0.738095238095238
13377,12734.0,0.619047619047619
13378,0.0,2.0
13379,12943.0,0.23809523809523792
13380,0.0,2.0
13381,0.0,2.0
13382,0.0,2.0
13384,12947.0,0.3571428571428571
13385,12903.0,0.6666666666666665
13386,12765.0,0.7142857142857142
13387,12910.0,0.5238095238095237
13388,0.0,2.0
13389,12927.0,0.04761904761904756
13390,0.0,2.0
13391,12941.0,0.7142857142857142
13392,0.0,2.0
13394,0.0,2.0
13395,0.0,2.0
13396,12912.0,0.8571428571428571
13397,0.0,2.0
13398,12864.0,0.8333333333333333
13399,0.0,2.0
13400,12911.0,0.5952380952380951
13401,0.0,2.0
13402,12858.0,0.26190476190476186
13403,0.0,2.0
13404,0.0,2.0
13405,0.0,2.0
13406,0.0,2.0
13407,12972.0,1.0
13408,12917.0,0.2857142857142856
13409,13001.0,0.38095238095238093
13410,0.0,2.0
13411,12913.0,1.380952380952381
13412,0.0,2.0
13413,0.0,2.0
13414,12814.0,0.33333333333333315
13415,12817.0,0.45238095238095233
13416,12987.0,0.16666666666666652
13418,12890.0,0.6428571428571428
13419,0.0,2.0
13420,13002.0,0.9285714285714286
13421,0.0,2.0
13422,12926.0,0.7619047619047619
13423,0.0,2.0
13425,12779.0,0.8809523809523809
13426,12904.0,1.0238095238095237
13427,12964.0,0.2142857142857142
13428,12965.0,0.6666666666666665
13429,0.0,2.0
13430,12955.0,0.38095238095238093
13431,0.0,2.0
13432,0.0,2.0
13433,12847.0,0.45238095238095233
13434,12945.0,0.1428571428571428
13435,13011.0,0.4999999999999999
13436,0.0,2.0
13437,0.0,2.0
13438,0.0,2.0
13439,12833.0,0.7857142857142857
13441,0.0,2.0
13442,0.0,2.0
13443,12885.0,0.11904761904761896
13444,0.0,2.0
13445,12869.0,0.5238095238095237
13446,12900.0,0.5476190476190477
13447,0.0,2.0
13448,0.0,2.0
13449,0.0,2.0
13450,12867.0,0.2142857142857142
13451,0.0,2.0
13452,0.0,2.0
13453,12876.0,0.6666666666666665
13454,0.0,2.0
13455,12920.0,1.7857142857142858
13456,0.0,2.0
13457,12851.0,0.6428571428571428
13459,0.0,2.0
13460,0.0,2.0
13461,0.0,2.0
13463,0.0,2.0
13464,0.0,2.0
13465,12837.0,0.2857142857142856
13466,12823.0,0.7619047619047619
13467,0.0,2.0
13468,0.0,2.0
13469,12977.0,0.5952380952380951
13470,13048.0,0.45238095238095233
13471,12969.0,1.1428571428571428
13472,12994.0,0.8333333333333333
13473,12866.0,0.738095238095238
13474,12980.0,0.26190476190476186
13475,12988.0,0.4999999999999999
13476,0.0,2.0
13477,0.0,2.0
13478,13047.0,0.45238095238095233
13479,12948.0,0.6904761904761905
13480,0.0,2.0
13481,0.0,2.0
13482,0.0,2.0
13483,0.0,2.0
13484,12842.0,0.4999999999999999
13485,13060.0,0.47619047619047605
13486,0.0,2.0
13487,0.0,2.0
13488,13067.0,0.19047619047619035
13489,12990.0,0.619047619047619
13490,12934.0,1.2142857142857144
13491,12907.0,0.9523809523809523
13492,0.0,2.0
13493,0.0,2.0
13494,0.0,2.0
13495,12935.0,0.7619047619047619
13496,12902.0,0.8095238095238095
13497,13012.0,0.5238095238095237
13498,0.0,2.0
13499,0.0,2.0
13500,0.0,2.0
13501,12897.0,0.6666666666666665
13502,0.0,2.0
13503,12982.0,0.7142857142857142
13504,0.0,2.0
13505,12959.0,1.666666666666667
13506,0.0,2.0
13507,13000.0,0.619047619047619
13508,13014.0,1.0952380952380953
13509,12991.0,0.5952380952380951
13510,0.0,2.0
13511,0.0,2.0
13512,12999.0,0.40476190476190466
13513,13019.0,0.45238095238095233
13514,0.0,2.0
13515,13055.0,0.7619047619047619
13516,0.0,2.0
13517,0.0,2.0
13518,13008.0,0.19047619047619035
13519,0.0,2.0
13520,0.0,2.0
13521,0.0,2.0
13522,0.0,2.0
13523,13064.0,0.3571428571428571
13524,12989.0,0.5714285714285714
13525,0.0,2.0
13526,0.0,2.0
13527,0.0,2.0
13528,0.0,2.0
13529,0.0,2.0
13530,0.0,2.0
13531,12905.0,0.40476190476190466
13532,0.0,2.0
13533,12979.0,0.19047619047619035
13534,0.0,2.0
13535,0.0,2.0
13536,0.0,2.0
13537,12880.0,0.07142857142857129
13538,0.0,2.0
13539,13109.0,0.6428571428571428
13540,0.0,2.0
13541,0.0,2.0
13542,0.0,2.0
13543,0.0,2.0
13544,13025.0,0.33333333333333315
13545,0.0,2.0
13546,0.0,2.0
13547,12939.0,0.2857142857142856
13548,0.0,2.0
13549,0.0,2.0
13550,0.0,2.0
13551,0.0,2.0
13552,0.0,2.0
13553,0.0,2.0
13554,0.0,2.0
13555,0.0,2.0
13556,13051.0,0.5952380952380951
13557,0.0,2.0
13558,12967.0,0.6904761904761905
13559,13082.0,0.6428571428571428
13560,12985.0,0.2142857142857142
13561,0.0,2.0
13562,0.0,2.0
13563,0.0,2.0
13564,12998.0,1.0952380952380953
13565,0.0,2.0
13567,13080.0,0.5714285714285714
13568,0.0,2.0
13569,13099.0,0.33333333333333315
13570,12970.0,0.19047619047619035
13571,13156.0,0.47619047619047605
13572,0.0,2.0
13573,0.0,2.0
13574,0.0,2.0
13575,12997.0,0.19047619047619035
13576,0.0,2.0
13577,0.0,2.0
13578,13090.0,1.0476190476190477
13579,0.0,2.0
13580,13111.0,0.7142857142857142
13581,13104.0,0.45238095238095233
13582,0.0,2.0
13583,0.0,2.0
13584,0.0,2.0
13585,0.0,2.0
13586,13134.0,0.5476190476190477
13587,13147.0,0.47619047619047605
13589,0.0,2.0
13590,0.0,2.0
13591,0.0,2.0
13592,13028.0,0.5476190476190477
13593,0.0,2.0
13594,13103.0,0.38095238095238093
13595,13141.0,0.7619047619047619
13596,13076.0,0.47619047619047605
13597,13138.0,0.19047619047619035
13598,0.0,2.0
13599,0.0,2.0
13600,13073.0,0.5714285714285714
13601,0.0,2.0
13602,0.0,2.0
13603,0.0,2.0
13604,0.0,2.0
13605,0.0,2.0
13606,13191.0,0.9761904761904762
13607,0.0,2.0
13608,0.0,2.0
13609,0.0,2.0
13610,0.0,2.0
13611,13108.0,1.0
13612,13106.0,0.33333333333333315
13613,0.0,2.0
13614,13186.0,0.9285714285714286
13615,0.0,2.0
13616,13163.0,0.738095238095238
13617,0.0,2.0
13618,0.0,2.0
13619,13065.0,0.5714285714285714
13620,0.0,2.0
13621,13164.0,0.9761904761904762
13622,0.0,2.0
13623,0.0,2.0
13624,0.0,2.0
13625,13095.0,0.7619047619047619
13626,0.0,2.0
13627,0.0,2.0
13628,0.0,2.0
13630,13087.0,0.8809523809523809
13631,13094.0,1.0476190476190477
13632,0.0,2.0
13633,0.0,2.0
13634,13040.0,0.23809523809523792
13635,13210.0,1.0476190476190477
13636,13092.0,1.2380952380952381
13637,13098.0,0.9523809523809523
13638,13130.0,0.33333333333333315
13639,13081.0,0.3571428571428571
13640,0.0,2.0
13641,0.0,2.0
13642,0.0,2.0
13643,13162.0,1.0238095238095237
13644,13211.0,0.3571428571428571
13645,0.0,2.0
13646,0.0,2.0
13647,0.0,2.0
13648,0.0,2.0
13649,13118.0,0.3095238095238094
13650,0.0,2.0
13651,0.0,2.0
13652,0.0,2.0
13653,13159.0,1.0476190476190477
13654,0.0,2.0
13655,0.0,2.0
13656,0.0,2.0
13657,13142.0,0.7619047619047619
13658,13202.0,0.47619047619047605
13659,13157.0,0.6904761904761905
13660,0.0,2.0
13661,13151.0,0.5714285714285714
13662,0.0,2.0
13663,0.0,2.0
13664,0.0,2.0
13665,0.0,2.0
13666,13018.0,0.26190476190476186
13667,0.0,2.0
13669,0.0,2.0
13670,13160.0,0.40476190476190466
13671,13149.0,0.9285714285714286
13672,0.0,2.0
13673,13153.0,0.5714285714285714
13674,0.0,2.0
13675,0.0,2.0
13676,0.0,2.0
13677,13052.0,0.47619047619047605
13678,0.0,2.0
13679,0.0,2.0
13680,0.0,2.0
13681,13219.0,0.5476190476190477
13682,0.0,2.0
13683,13213.0,1.1904761904761905
13684,13148.0,0.8571428571428571
13685,0.0,2.0
13686,0.0,2.0
13688,0.0,2.0
13689,13201.0,0.9761904761904762
13690,0.0,2.0
13691,13166.0,0.4285714285714285
13692,0.0,2.0
13693,0.0,2.0
13694,0.0,2.0
13695,0.0,2.0
13696,0.0,2.0
13697,0.0,2.0
13698,0.0,2.0
13699,0.0,2.0
13700,13101.0,0.47619047619047605
13701,0.0,2.0
13702,13249.0,0.2142857142857142
13703,0.0,2.0
13704,13167.0,0.5476190476190477
13705,13205.0,0.5238095238095237
13706,13238.0,0.8809523809523809
13707,0.0,2.0
13708,0.0,2.0
13709,13206.0,0.33333333333333315
13710,0.0,2.0
13711,0.0,2.0
13712,0.0,2.0
13713,0.0,2.0
13714,13119.0,1.2380952380952381
13715,13174.0,0.38095238095238093
13716,13220.0,0.11904761904761896
13717,0.0,2.0
13718,13136.0,0.5476190476190477
13719,13161.0,0.4999999999999999
13720,13183.0,0.2142857142857142
13721,13229.0,1.0
13722,0.0,2.0
13723,13269.0,0.9047619047619048
13724,0.0,2.0
13725,0.0,2.0
13726,0.0,2.0
13727,13233.0,0.1428571428571428
13728,13194.0,0.2857142857142856
13729,0.0,2.0
13730,0.0,2.0
13731,0.0,2.0
13732,0.0,2.0
13733,0.0,2.0
13734,13204.0,0.2857142857142856
13735,0.0,2.0
13736,13244.0,1.5
13737,0.0,2.0
13738,13224.0,0.5952380952380951
13739,0.0,2.0
13740,13131.0,0.5238095238095237
13741,13158.0,1.0
13742,13176.0,0.2857142857142856
13743,0.0,2.0
13744,0.0,2.0
13746,13283.0,0.23809523809523792
13747,13140.0,0.738095238095238
13748,0.0,2.0
13749,0.0,2.0
13750,13275.0,0.3571428571428571
13751,13245.0,0.4999999999999999
13752,0.0,2.0
13753,0.0,2.0
13754,13208.0,0.2142857142857142
13755,0.0,2.0
13756,13247.0,0.738095238095238
13757,0.0,2.0
13758,0.0,2.0
13759,0.0,2.0
13760,13175.0,0.6904761904761905
13761,13235.0,0.5476190476190477
13762,13287.0,0.4999999999999999
13763,0.0,2.0
13764,0.0,2.0
13765,0.0,2.0
13766,13338.0,0.7857142857142857
13767,13250.0,0.5476190476190477
13768,0.0,2.0
13769,0.0,2.0
13770,0.0,2.0
13771,13195.0,0.9761904761904762
13772,13315.0,0.9761904761904762
13773,13257.0,1.2142857142857144
13774,0.0,2.0
13775,0.0,2.0
13776,0.0,2.0
13777,13329.0,0.11904761904761896
13778,0.0,2.0
13779,13280.0,0.9047619047619048
13780,13325.0,1.380952380952381
13781,0.0,2.0
13782,13266.0,0.8809523809523809
13783,0.0,2.0
13784,0.0,2.0
13785,13225.0,0.4285714285714285
13786,0.0,2.0
13787,0.0,2.0
13788,0.0,2.0
13789,0.0,2.0
13790,0.0,2.0
13791,13277.0,1.1428571428571428
13792,13311.0,0.07142857142857129
13793,0.0,2.0
13794,13286.0,0.6666666666666665
13795,13262.0,0.2857142857142856
13796,13304.0,0.8095238095238095
13797,0.0,2.0
13798,13350.0,0.4999999999999999
13799,0.0,2.0
13800,13221.0,0.5952380952380951
13801,13305.0,1.0238095238095237
13802,0.0,2.0
13803,13299.0,0.8571428571428571
13805,13261.0,0.1428571428571428
13806,0.0,2.0
13807,13289.0,0.09523809523809523
13808,0.0,2.0
13809,0.0,2.0
13810,0.0,2.0
13811,13335.0,0.5952380952380951
13812,13246.0,0.2142857142857142
13813,13301.0,1.2619047619047619
13814,0.0,2.0
13815,13358.0,0.9761904761904762
13816,0.0,2.0
13817,13293.0,0.16666666666666652
13818,0.0,2.0
13819,13388.0,0.40476190476190466
13820,0.0,2.0
13821,0.0,2.0
13822,13255.0,0.9523809523809523
13823,0.0,2.0
13824,13237.0,0.23809523809523792
13825,13265.0,1.0476190476190477
13826,0.0,2.0
13827,0.0,2.0
13828,0.0,2.0
13829,13258.0,0.8095238095238095
13830,13215.0,0.45238095238095233
13831,13363.0,0.47619047619047605
13832,0.0,2.0
13833,13252.0,0.5476190476190477
13834,13227.0,0.9761904761904762
13835,13344.0,0.4999999999999999
13836,13356.0,0.7619047619047619
13837,13367.0,0.6666666666666665
13838,13251.0,0.3571428571428571
13839,13282.0,0.07142857142857129
13840,0.0,2.0
13841,13353.0,0.07142857142857129
13842,0.0,2.0
13843,13303.0,0.3571428571428571
13844,0.0,2.0
13845,0.0,2.0
13846,13376.0,1.0952380952380953
13847,13336.0,0.23809523809523792
13848,13193.0,0.2857142857142856
13849,13331.0,0.4285714285714285
13850,0.0,2.0
13851,13386.0,0.38095238095238093
13852,0.0,2.0
13853,0.0,2.0
13854,0.0,2.0
13855,0.0,2.0
13856,13328.0,0.23809523809523792
13857,0.0,2.0
13858,13307.0,0.6904761904761905
13860,13256.0,0.5476190476190477
13861,13375.0,0.4999999999999999
13862,13364.0,1.0714285714285714
13863,13312.0,0.6904761904761905
13864,0.0,2.0
13865,0.0,2.0
13866,13380.0,0.23809523809523792
13867,0.0,2.0
13868,13372.0,0.47619047619047605
13869,0.0,2.0
13870,13273.0,0.47619047619047605
13872,13424.0,0.5238095238095237
13873,0.0,2.0
13874,13412.0,0.4999999999999999
13875,0.0,2.0
13876,0.0,2.0
13877,13290.0,0.9523809523809523
13878,0.0,2.0
13879,0.0,2.0
13880,13362.0,1.0
13881,13259.0,0.45238095238095233
13882,13406.0,0.4285714285714285
13883,0.0,2.0
13884,13378.0,0.6666666666666665
13885,0.0,2.0
13886,13297.0,0.5476190476190477
13887,13418.0,0.47619047619047605
13888,0.0,2.0
13889,0.0,2.0
13890,13413.0,0.2142857142857142
13891,13352.0,1.1904761904761905
13892,0.0,2.0
13893,0.0,2.0
13894,0.0,2.0
13895,13437.0,0.2857142857142856
13896,13391.0,0.5952380952380951
13897,13361.0,0.26190476190476186
13898,0.0,2.0
13899,13393.0,0.8095238095238095
13900,0.0,2.0
13902,0.0,2.0
13903,13357.0,0.07142857142857129
13904,0.0,2.0
13905,0.0,2.0
13906,13434.0,0.6666666666666665
13907,0.0,2.0
13908,0.0,2.0
13909,0.0,2.0
13910,0.0,2.0
13911,0.0,2.0
13913,13417.0,0.6428571428571428
13914,13407.0,0.5238095238095237
13915,0.0,2.0
13916,0.0,2.0
13917,13394.0,0.8571428571428571
13918,0.0,2.0
13919,13318.0,0.2142857142857142
13920,0.0,2.0
13921,13373.0,0.7619047619047619
13922,13453.0,0.6904761904761905
13923,0.0,2.0
13924,13403.0,0.2857142857142856
13925,0.0,2.0
13926,0.0,2.0
13927,0.0,2.0
13928,0.0,2.0
13929,0.0,2.0
13930,0.0,2.0
13931,0.0,2.0
13932,13405.0,0.11904761904761896
13933,13462.0,0.33333333333333315
13934,13398.0,0.3095238095238094
13935,0.0,2.0
13938,13481.0,0.738095238095238
13939,0.0,2.0
13940,0.0,2.0
13942,0.0,2.0
13943,0.0,2.0
13944,0.0,2.0
13945,0.0,2.0
13946,0.0,2.0
13947,13438.0,0.6904761904761905
13948,13385.0,0.5714285714285714
13949,0.0,2.0
13950,0.0,2.0
13951,13425.0,0.7142857142857142
13952,13452.0,0.5238095238095237
13953,13396.0,0.5952380952380951
13954,0.0,2.0
13955,0.0,2.0
13956,13509.0,0.1428571428571428
13957,13416.0,1.0952380952380953
13958,13368.0,0.7142857142857142
13959,0.0,2.0
13960,0.0,2.0
13961,13469.0,0.09523809523809523
13962,0.0,2.0
13963,13439.0,0.6904761904761905
13964,0.0,2.0
13965,13440.0,0.8095238095238095
13966,13428.0,1.2380952380952381
13967,13382.0,0.38095238095238093
13968,13444.0,0.738095238095238
13969,0.0,2.0
13970,13448.0,0.5952380952380951
13971,0.0,2.0
13972,13455.0,0.9761904761904762
13973,0.0,2.0
13974,13389.0,0.9523809523809523
13975,0.0,2.0
13976,0.0,2.0
13977,0.0,2.0
13978,0.0,2.0
13979,0.0,2.0
13981,13505.0,1.619047619047619
13984,0.0,2.0
13985,0.0,2.0
13986,13415.0,1.0952380952380953
13987,13472.0,0.2142857142857142
13988,0.0,2.0
13989,13421.0,0.38095238095238093
13990,0.0,2.0
13991,0.0,2.0
13992,13478.0,1.1666666666666667
13993,0.0,2.0
13994,0.0,2.0
13995,0.0,2.0
13996,13534.0,0.9523809523809523
13997,13491.0,0.2857142857142856
13998,13430.0,0.4999999999999999
13999,0.0,2.0
14000,0.0,2.0
14001,0.0,2.0
14002,13427.0,0.6428571428571428
14003,0.0,2.0
14004,13500.0,0.40476190476190466
14005,13467.0,1.0238095238095237
14006,0.0,2.0
14007,13485.0,0.6666666666666665
14009,0.0,2.0
14010,0.0,2.0
14011,0.0,2.0
14012,13522.0,0.7857142857142857
14013,0.0,2.0
14014,0.0,2.0
14015,0.0,2.0
14016,0.0,2.0
14017,13435.0,0.3095238095238094
14018,0.0,2.0
14019,0.0,2.0
14020,0.0,2.0
14021,13520.0,0.8571428571428571
14022,0.0,2.0
14023,0.0,2.0
14024,13516.0,0.738095238095238
14025,0.0,2.0
14026,13531.0,0.19047619047619035
14027,0.0,2.0
14028,13537.0,0.19047619047619035
14029,13460.0,0.5476190476190477
14030,13458.0,0.3095238095238094
14031,13540.0,0.619047619047619
14032,0.0,2.0
14033,13494.0,0.619047619047619
14034,13507.0,0.07142857142857129
14035,13473.0,0.45238095238095233
14036,0.0,2.0
14037,13529.0,0.6428571428571428
14038,0.0,2.0
14039,0.0,2.0
14040,0.0,2.0
14041,0.0,2.0
14042,0.0,2.0
14043,13543.0,0.619047619047619
14044,13544.0,0.47619047619047605
14045,13546.0,1.3333333333333335
14046,0.0,2.0
14047,13527.0,0.4285714285714285
14048,0.0,2.0
14049,0.0,2.0
14050,0.0,2.0
14051,0.0,2.0
14052,0.0,2.0
14053,0.0,2.0
14054,13547.0,0.7619047619047619
14055,13554.0,0.619047619047619
14056,0.0,2.0
14057,0.0,2.0
14058,13567.0,0.16666666666666652
14059,0.0,2.0
14060,0.0,2.0
14061,13517.0,0.4999999999999999
14062,0.0,2.0
14063,13572.0,0.7142857142857142
14064,0.0,2.0
14065,0.0,2.0
14066,0.0,2.0
14067,0.0,2.0
14068,0.0,2.0
14069,0.0,2.0
14070,13510.0,0.9761904761904762
14071,13538.0,0.23809523809523792
14072,0.0,2.0
14073,13512.0,0.5238095238095237
14074,13584.0,0.9523809523809523
14075,0.0,2.0
14076,0.0,2.0
14077,0.0,2.0
14078,0.0,2.0
14079,13545.0,0.38095238095238093
14080,13549.0,0.6666666666666665
14081,0.0,2.0
14082,13555.0,1.119047619047619
14083,0.0,2.0
14084,0.0,2.0
14085,0.0,2.0
14086,0.0,2.0
14087,13563.0,1.0238095238095237
14088,0.0,2.0
14089,13564.0,0.7142857142857142
14090,0.0,2.0
14091,0.0,2.0
14092,0.0,2.0
14093,0.0,2.0
14094,0.0,2.0
14095,0.0,2.0
14096,0.0,2.0
14097,13581.0,1.0238095238095237
14098,13600.0,0.8095238095238095
14099,13585.0,0.6666666666666665
14100,0.0,2.0
14101,0.0,2.0
14102,13594.0,0.9523809523809523
14103,0.0,2.0
14104,13616.0,1.0476190476190477
14105,0.0,2.0
14106,0.0,2.0
14107,0.0,2.0
14108,13588.0,0.40476190476190466
14109,13613.0,0.3571428571428571
14110,13561.0,0.5238095238095237
14111,13573.0,1.2380952380952381
14112,0.0,2.0
14113,0.0,2.0
14114,0.0,2.0
14115,13578.0,0.45238095238095233
14116,13580.0,0.7142857142857142
14117,13642.0,0.26190476190476186
14118,0.0,2.0
14120,0.0,2.0
14121,13557.0,0.11904761904761896
14122,13602.0,0.07142857142857129
14123,13639.0,0.8095238095238095
14124,13579.0,0.8095238095238095
14125,13614.0,1.0714285714285714
14127,13569.0,0.11904761904761896
14128,0.0,2.0
14129,13595.0,0.7142857142857142
14130,0.0,2.0
14131,0.0,2.0
14132,13589.0,0.45238095238095233
14133,0.0,2.0
14134,0.0,2.0
14135,0.0,2.0
14136,0.0,2.0
14137,0.0,2.0
14138,13634.0,0.7619047619047619
14139,0.0,2.0
14140,0.0,2.0
14141,0.0,2.0
14142,0.0,2.0
14143,0.0,2.0
14144,0.0,2.0
14145,0.0,2.0
14146,0.0,2.0
14147,0.0,2.0
14148,0.0,2.0
14149,0.0,2.0
14150,0.0,2.0
14152,0.0,2.0
14153,13633.0,0.8809523809523809
14154,13612.0,0.8095238095238095
14155,0.0,2.0
14156,13627.0,0.5238095238095237
14157,13615.0,0.5952380952380951
14158,13659.0,0.9523809523809523
14159,0.0,2.0
14160,0.0,2.0
14161,0.0,2.0
14162,0.0,2.0
14163,0.0,2.0
14164,0.0,2.0
14165,0.0,2.0
14166,0.0,2.0
14167,13611.0,0.16666666666666652
14168,13632.0,0.2857142857142856
14169,13640.0,0.738095238095238
14170,0.0,2.0
14171,0.0,2.0
14172,0.0,2.0
14173,0.0,2.0
14174,0.0,2.0
14176,13657.0,0.16666666666666652
14177,0.0,2.0
14178,0.0,2.0
14179,0.0,2.0
14180,0.0,2.0
14181,13664.0,0.7142857142857142
14182,0.0,2.0
14183,13641.0,0.6666666666666665
14184,0.0,2.0
14185,13656.0,1.119047619047619
14186,13654.0,0.26190476190476186
14187,0.0,2.0
14188,13674.0,1.1904761904761905
14189,0.0,2.0
14190,0.0,2.0
14191,13644.0,0.8571428571428571
14192,0.0,2.0
14193,0.0,2.0
14194,13677.0,0.45238095238095233
14195,13652.0,0.9523809523809523
14196,13668.0,0.8571428571428571
14197,0.0,2.0
14198,13678.0,0.11904761904761896
14199,0.0,2.0
14200,13671.0,1.0714285714285714
14202,0.0,2.0
14203,13675.0,0.8333333333333333
14204,13666.0,0.6904761904761905
14205,13673.0,0.8809523809523809
14206,0.0,2.0
14207,0.0,2.0
14208,0.0,2.0
14209,13650.0,0.9761904761904762
14212,13669.0,0.11904761904761896
14213,0.0,2.0
14214,13688.0,0.9761904761904762
14215,13662.0,0.11904761904761896
14216,13680.0,1.0476190476190477
14217,0.0,2.0
14218,0.0,2.0
14219,0.0,2.0
14220,0.0,2.0
14221,0.0,2.0
14223,0.0,2.0
14224,0.0,2.0
14225,0.0,2.0
14226,13694.0,1.3333333333333335
14227,0.0,2.0
14228,13695.0,0.6904761904761905
14229,0.0,2.0
14230,0.0,2.0
14231,0.0,2.0
14232,0.0,2.0
14233,0.0,2.0
14236,0.0,2.0
14239,8687.0,0.3095238095238094
